ZONE,T="TIME=9.486720000000e+08"
10,4.769182064
10.1,4.772307761
10.2,4.77543333
10.3,4.77855877
10.4,4.781684082
10.5,4.784809264
10.6,4.787934317
10.7,4.791059242
10.8,4.794184038
10.9,4.797308705
11,4.800433244
11.1,4.803557653
11.2,4.806681934
11.3,4.809806086
11.4,4.812930109
11.5,4.816054003
11.6,4.819177769
11.7,4.822301405
11.8,4.825424913
11.9,4.828548292
12,4.831671543
12.1,4.834794664
12.2,4.837917657
12.3,4.84104052
12.4,4.844163255
12.5,4.847285862
12.6,4.850408339
12.7,4.853530688
12.8,4.856652907
12.9,4.859774998
13,4.86289696
13.1,4.866018794
13.2,4.869140498
13.3,4.872262074
13.4,4.875383521
13.5,4.878504839
13.6,4.881626028
13.7,4.884747089
13.8,4.88786802
13.9,4.890988823
14,4.894109497
14.1,4.897230043
14.2,4.900350459
14.3,4.903470747
14.4,4.906590905
14.5,4.909710935
14.6,4.912830836
14.7,4.915950609
14.8,4.919070252
14.9,4.922189767
15,4.925309153
15.1,4.92842841
15.2,4.931547539
15.3,4.934666538
15.4,4.937785409
15.5,4.940904151
15.6,4.944022764
15.7,4.947141248
15.8,4.950259603
15.9,4.95337783
16,4.956495928
16.1,4.959613897
16.2,4.962731737
16.3,4.965849449
16.4,4.968967031
16.5,4.972084485
16.6,4.97520181
16.7,4.978319006
16.8,4.981436073
16.9,4.984553012
17,4.987669822
17.1,4.990786503
17.2,4.993903055
17.3,4.997019478
17.4,5.000135772
17.5,5.003251938
17.6,5.006367975
17.7,5.009483883
17.8,5.012599662
17.9,5.015715313
18,5.018830834
18.1,5.021946227
18.2,5.025061491
18.3,5.028176626
18.4,5.031291633
18.5,5.03440651
18.6,5.037521259
18.7,5.040635879
18.8,5.04375037
18.9,5.046864733
19,5.049978966
19.1,5.053093071
19.2,5.056207047
19.3,5.059320894
19.4,5.062434612
19.5,5.065548202
19.6,5.068661662
19.7,5.071774994
19.8,5.074888197
19.9,5.078001271
20,5.081114217
20.1,5.084227033
20.2,5.087339721
20.3,5.09045228
20.4,5.09356471
20.5,5.096677012
20.6,5.099789184
20.7,5.102901228
20.8,5.106013143
20.9,5.109124929
21,5.112236587
21.1,5.115348115
21.2,5.118459515
21.3,5.121570786
21.4,5.124681928
21.5,5.127792941
21.6,5.130903825
21.7,5.134014581
21.8,5.137125208
21.9,5.140235706
22,5.143346075
22.1,5.146456316
22.2,5.149566427
22.3,5.15267641
22.4,5.155786264
22.5,5.158895989
22.6,5.162005585
22.7,5.165115053
22.8,5.168224392
22.9,5.171333602
23,5.174442683
23.1,5.177551635
23.2,5.180660459
23.3,5.183769153
23.4,5.186877719
23.5,5.189986156
23.6,5.193094465
23.7,5.196202644
23.8,5.199310695
23.9,5.202418616
24,5.205526409
24.1,5.208634074
24.2,5.211741609
24.3,5.214849016
24.4,5.217956293
24.5,5.221063442
24.6,5.224170463
24.7,5.227277354
24.8,5.230384116
24.9,5.23349075
25,5.236597255
25.1,5.239703631
25.2,5.242809878
25.3,5.245915997
25.4,5.249021987
25.5,5.252127847
25.6,5.25523358
25.7,5.258339183
25.8,5.261444657
25.9,5.264550003
26,5.26765522
26.1,5.270760308
26.2,5.273865267
26.3,5.276970097
26.4,5.280074799
26.5,5.283179372
26.6,5.286283815
26.7,5.289388131
26.8,5.292492317
26.9,5.295596374
27,5.298700303
27.1,5.301804103
27.2,5.304907774
27.3,5.308011316
27.4,5.31111473
27.5,5.314218015
27.6,5.31732117
27.7,5.320424197
27.8,5.323527096
27.9,5.326629865
28,5.329732506
28.1,5.332835018
28.2,5.335937401
28.3,5.339039655
28.4,5.34214178
28.5,5.345243777
28.6,5.348345644
28.7,5.351447383
28.8,5.354548993
28.9,5.357650475
29,5.360751827
29.1,5.363853051
29.2,5.366954146
29.3,5.370055112
29.4,5.373155949
29.5,5.376256658
29.6,5.379357237
29.7,5.382457688
29.8,5.38555801
29.9,5.388658203
30,5.391758268
30.1,5.394858203
30.2,5.39795801
30.3,5.401057688
30.4,5.404157237
30.5,5.407256658
30.6,5.410355949
30.7,5.413455112
30.8,5.416554146
30.9,5.419653051
31,5.422751827
31.1,5.425850475
31.2,5.428948993
31.3,5.432047383
31.4,5.435145644
31.5,5.438243777
31.6,5.44134178
31.7,5.444439655
31.8,5.447537401
31.9,5.450635018
32,5.453732506
32.1,5.456829865
32.2,5.459927096
32.3,5.463024197
32.4,5.46612117
32.5,5.469218015
32.6,5.47231473
32.7,5.475411316
32.8,5.478507774
32.9,5.481604103
33,5.484700303
33.1,5.487796374
33.2,5.490892317
33.3,5.493988131
33.4,5.497083815
33.5,5.500179372
33.6,5.503274799
33.7,5.506370097
33.8,5.509465267
33.9,5.512560308
34,5.51565522
34.1,5.518750003
34.2,5.521844657
34.3,5.524939183
34.4,5.52803358
34.5,5.531127847
34.6,5.534221987
34.7,5.537315997
34.8,5.540409878
34.9,5.543503631
35,5.546597255
35.1,5.54969075
35.2,5.552784116
35.3,5.555877354
35.4,5.558970463
35.5,5.562063442
35.6,5.565156293
35.7,5.568249016
35.8,5.571341609
35.9,5.574434074
36,5.577526409
36.1,5.580618616
36.2,5.583710695
36.3,5.586802644
36.4,5.589894465
36.5,5.592986156
36.6,5.596077719
36.7,5.599169153
36.8,5.602260459
36.9,5.605351635
37,5.608442683
37.1,5.611533602
37.2,5.614624392
37.3,5.617715053
37.4,5.620805585
37.5,5.623895989
37.6,5.626986264
37.7,5.63007641
37.8,5.633166427
37.9,5.636256316
38,5.639346075
38.1,5.642435706
38.2,5.645525208
38.3,5.648614581
38.4,5.651703825
38.5,5.654792941
38.6,5.657881928
38.7,5.660970786
38.8,5.664059515
38.9,5.667148115
39,5.670236587
39.1,5.673324929
39.2,5.676413143
39.3,5.679501228
39.4,5.682589184
39.5,5.685677012
39.6,5.68876471
39.7,5.69185228
39.8,5.694939721
39.9,5.698027033
40,5.701114217
40.1,5.704201271
40.2,5.707288197
40.3,5.710374994
40.4,5.713461662
40.5,5.716548202
40.6,5.719634612
40.7,5.722720894
40.8,5.725807047
40.9,5.728893071
41,5.731978966
41.1,5.735064733
41.2,5.73815037
41.3,5.741235879
41.4,5.744321259
41.5,5.74740651
41.6,5.750491633
41.7,5.753576626
41.8,5.756661491
41.9,5.759746227
42,5.762830834
42.1,5.765915313
42.2,5.768999662
42.3,5.772083883
42.4,5.775167975
42.5,5.778251938
42.6,5.781335772
42.7,5.784419478
42.8,5.787503055
42.9,5.790586503
43,5.793669822
43.1,5.796753012
43.2,5.799836073
43.3,5.802919006
43.4,5.80600181
43.5,5.809084485
43.6,5.812167031
43.7,5.815249449
43.8,5.818331737
43.9,5.821413897
44,5.824495928
44.1,5.82757783
44.2,5.830659603
44.3,5.833741248
44.4,5.836822764
44.5,5.839904151
44.6,5.842985409
44.7,5.846066538
44.8,5.849147539
44.9,5.85222841
45,5.855309153
45.1,5.858389767
45.2,5.861470252
45.3,5.864550609
45.4,5.867630837
45.5,5.870710935
45.6,5.873790905
45.7,5.876870747
45.8,5.879950459
45.9,5.883030043
46,5.886109497
46.1,5.889188823
46.2,5.89226802
46.3,5.895347089
46.4,5.898426028
46.5,5.901504839
46.6,5.904583521
46.7,5.907662074
46.8,5.910740498
46.9,5.913818794
47,5.91689696
47.1,5.919974998
47.2,5.923052907
47.3,5.926130688
47.4,5.929208339
47.5,5.932285862
47.6,5.935363255
47.7,5.93844052
47.8,5.941517657
47.9,5.944594664
48,5.947671543
48.1,5.950748292
48.2,5.953824913
48.3,5.956901405
48.4,5.959977769
48.5,5.963054003
48.6,5.966130109
48.7,5.969206086
48.8,5.972281934
48.9,5.975357653
49,5.978433244
49.1,5.981508705
49.2,5.984584038
49.3,5.987659242
49.4,5.990734317
49.5,5.993809264
49.6,5.996884082
49.7,5.99995877
49.8,6.00303333
49.9,6.006107761
50,6.009182064
