ZONE,T="TIME=9.486720000000e+08"
50,6.009182065
50.1,6.012307762
50.2,6.015433331
50.3,6.018558771
50.4,6.021684082
50.5,6.024809265
50.6,6.027934318
50.7,6.031059243
50.8,6.034184039
50.9,6.037308706
51,6.040433245
51.1,6.043557654
51.2,6.046681935
51.3,6.049806087
51.4,6.05293011
51.5,6.056054004
51.6,6.05917777
51.7,6.062301406
51.8,6.065424914
51.9,6.068548293
52,6.071671543
52.1,6.074794665
52.2,6.077917658
52.3,6.081040521
52.4,6.084163256
52.5,6.087285863
52.6,6.09040834
52.7,6.093530688
52.8,6.096652908
52.9,6.099774999
53,6.102896961
53.1,6.106018795
53.2,6.109140499
53.3,6.112262075
53.4,6.115383522
53.5,6.11850484
53.6,6.121626029
53.7,6.12474709
53.8,6.127868021
53.9,6.130988824
54,6.134109498
54.1,6.137230043
54.2,6.14035046
54.3,6.143470747
54.4,6.146590906
54.5,6.149710936
54.6,6.152830837
54.7,6.15595061
54.8,6.159070253
54.9,6.162189768
55,6.165309154
55.1,6.168428411
55.2,6.171547539
55.3,6.174666539
55.4,6.17778541
55.5,6.180904152
55.6,6.184022765
55.7,6.187141249
55.8,6.190259604
55.9,6.193377831
56,6.196495929
56.1,6.199613898
56.2,6.202731738
56.3,6.205849449
56.4,6.208967032
56.5,6.212084486
56.6,6.215201811
56.7,6.218319007
56.8,6.221436074
56.9,6.224553013
57,6.227669823
57.1,6.230786504
57.2,6.233903056
57.3,6.237019479
57.4,6.240135773
57.5,6.243251939
57.6,6.246367976
57.7,6.249483884
57.8,6.252599663
57.9,6.255715314
58,6.258830835
58.1,6.261946228
58.2,6.265061492
58.3,6.268176627
58.4,6.271291634
58.5,6.274406511
58.6,6.27752126
58.7,6.28063588
58.8,6.283750371
58.9,6.286864734
59,6.289978967
59.1,6.293093072
59.2,6.296207048
59.3,6.299320895
59.4,6.302434613
59.5,6.305548203
59.6,6.308661663
59.7,6.311774995
59.8,6.314888198
59.9,6.318001272
60,6.321114218
60.1,6.324227034
60.2,6.327339722
60.3,6.330452281
60.4,6.333564711
60.5,6.336677013
60.6,6.339789185
60.7,6.342901229
60.8,6.346013144
60.9,6.34912493
61,6.352236587
61.1,6.355348116
61.2,6.358459516
61.3,6.361570787
61.4,6.364681929
61.5,6.367792942
61.6,6.370903826
61.7,6.374014582
61.8,6.377125209
61.9,6.380235707
62,6.383346076
62.1,6.386456317
62.2,6.389566428
62.3,6.392676411
62.4,6.395786265
62.5,6.39889599
62.6,6.402005586
62.7,6.405115054
62.8,6.408224393
62.9,6.411333603
63,6.414442684
63.1,6.417551636
63.2,6.42066046
63.3,6.423769154
63.4,6.42687772
63.5,6.429986157
63.6,6.433094466
63.7,6.436202645
63.8,6.439310696
63.9,6.442418617
64,6.44552641
64.1,6.448634075
64.2,6.45174161
64.3,6.454849017
64.4,6.457956294
64.5,6.461063443
64.6,6.464170464
64.7,6.467277355
64.8,6.470384117
64.9,6.473490751
65,6.476597256
65.1,6.479703632
65.2,6.482809879
65.3,6.485915998
65.4,6.489021988
65.5,6.492127848
65.6,6.495233581
65.7,6.498339184
65.8,6.501444658
65.9,6.504550004
66,6.507655221
66.1,6.510760309
66.2,6.513865268
66.3,6.516970098
66.4,6.5200748
66.5,6.523179373
66.6,6.526283817
66.7,6.529388132
66.8,6.532492318
66.9,6.535596376
67,6.538700304
67.1,6.541804104
67.2,6.544907775
67.3,6.548011318
67.4,6.551114731
67.5,6.554218016
67.6,6.557321171
67.7,6.560424199
67.8,6.563527097
67.9,6.566629866
68,6.569732507
68.1,6.572835019
68.2,6.575937402
68.3,6.579039656
68.4,6.582141781
68.5,6.585243778
68.6,6.588345645
68.7,6.591447384
68.8,6.594548994
68.9,6.597650476
69,6.600751828
69.1,6.603853052
69.2,6.606954147
69.3,6.610055113
69.4,6.61315595
69.5,6.616256659
69.6,6.619357238
69.7,6.622457689
69.8,6.625558011
69.9,6.628658204
70,6.631758269
70.1,6.634858204
70.2,6.637958011
70.3,6.641057689
70.4,6.644157238
70.5,6.647256659
70.6,6.65035595
70.7,6.653455113
70.8,6.656554147
70.9,6.659653052
71,6.662751828
71.1,6.665850476
71.2,6.668948994
71.3,6.672047384
71.4,6.675145645
71.5,6.678243778
71.6,6.681341781
71.7,6.684439656
71.8,6.687537402
71.9,6.690635019
72,6.693732507
72.1,6.696829866
72.2,6.699927097
72.3,6.703024199
72.4,6.706121171
72.5,6.709218016
72.6,6.712314731
72.7,6.715411318
72.8,6.718507775
72.9,6.721604104
73,6.724700304
73.1,6.727796376
73.2,6.730892318
73.3,6.733988132
73.4,6.737083817
73.5,6.740179373
73.6,6.7432748
73.7,6.746370098
73.8,6.749465268
73.9,6.752560309
74,6.755655221
74.1,6.758750004
74.2,6.761844658
74.3,6.764939184
74.4,6.768033581
74.5,6.771127849
74.6,6.774221988
74.7,6.777315998
74.8,6.780409879
74.9,6.783503632
75,6.786597256
75.1,6.789690751
75.2,6.792784117
75.3,6.795877355
75.4,6.798970464
75.5,6.802063443
75.6,6.805156294
75.7,6.808249017
75.8,6.81134161
75.9,6.814434075
76,6.81752641
76.1,6.820618617
76.2,6.823710696
76.3,6.826802645
76.4,6.829894466
76.5,6.832986157
76.6,6.83607772
76.7,6.839169154
76.8,6.84226046
76.9,6.845351636
77,6.848442684
77.1,6.851533603
77.2,6.854624393
77.3,6.857715054
77.4,6.860805586
77.5,6.86389599
77.6,6.866986265
77.7,6.870076411
77.8,6.873166428
77.9,6.876256317
78,6.879346076
78.1,6.882435707
78.2,6.885525209
78.3,6.888614582
78.4,6.891703826
78.5,6.894792942
78.6,6.897881929
78.7,6.900970787
78.8,6.904059516
78.9,6.907148116
79,6.910236588
79.1,6.91332493
79.2,6.916413144
79.3,6.919501229
79.4,6.922589185
79.5,6.925677013
79.6,6.928764711
79.7,6.931852281
79.8,6.934939722
79.9,6.938027034
80,6.941114218
80.1,6.944201272
80.2,6.947288198
80.3,6.950374995
80.4,6.953461663
80.5,6.956548203
80.6,6.959634613
80.7,6.962720895
80.8,6.965807048
80.9,6.968893072
81,6.971978967
81.1,6.975064734
81.2,6.978150371
81.3,6.98123588
81.4,6.98432126
81.5,6.987406511
81.6,6.990491634
81.7,6.993576627
81.8,6.996661492
81.9,6.999746228
82,7.002830835
82.1,7.005915314
82.2,7.008999663
82.3,7.012083884
82.4,7.015167976
82.5,7.018251939
82.6,7.021335773
82.7,7.024419479
82.8,7.027503056
82.9,7.030586504
83,7.033669823
83.1,7.036753013
83.2,7.039836074
83.3,7.042919007
83.4,7.046001811
83.5,7.049084486
83.6,7.052167032
83.7,7.055249449
83.8,7.058331738
83.9,7.061413898
84,7.064495929
84.1,7.067577831
84.2,7.070659604
84.3,7.073741249
84.4,7.076822765
84.5,7.079904152
84.6,7.08298541
84.7,7.086066539
84.8,7.089147539
84.9,7.092228411
85,7.095309154
85.1,7.098389768
85.2,7.101470253
85.3,7.10455061
85.4,7.107630837
85.5,7.110710936
85.6,7.113790906
85.7,7.116870747
85.8,7.11995046
85.9,7.123030043
86,7.126109498
86.1,7.129188824
86.2,7.132268021
86.3,7.13534709
86.4,7.138426029
86.5,7.14150484
86.6,7.144583522
86.7,7.147662075
86.8,7.150740499
86.9,7.153818795
87,7.156896961
87.1,7.159974999
87.2,7.163052908
87.3,7.166130689
87.4,7.16920834
87.5,7.172285863
87.6,7.175363256
87.7,7.178440521
87.8,7.181517658
87.9,7.184594665
88,7.187671544
88.1,7.190748293
88.2,7.193824914
88.3,7.196901406
88.4,7.19997777
88.5,7.203054004
88.6,7.20613011
88.7,7.209206087
88.8,7.212281935
88.9,7.215357654
89,7.218433245
89.1,7.221508706
89.2,7.224584039
89.3,7.227659243
89.4,7.230734318
89.5,7.233809265
89.6,7.236884082
89.7,7.239958771
89.8,7.243033331
89.9,7.246107762
90,7.249182065