ZONE,T="TIME=3.162240000000e+07"
50,5.757180932
50.1,5.761086372
50.2,5.764983364
50.3,5.76887191
50.4,5.772752013
50.5,5.77662368
50.6,5.780486916
50.7,5.784341729
50.8,5.788188129
50.9,5.792026127
51,5.795855734
51.1,5.799676965
51.2,5.803489834
51.3,5.807294358
51.4,5.811090555
51.5,5.814878443
51.6,5.818658045
51.7,5.82242938
51.8,5.826192474
51.9,5.829947351
52,5.833694036
52.1,5.837432557
52.2,5.841162942
52.3,5.844885222
52.4,5.848599428
52.5,5.852305592
52.6,5.856003747
52.7,5.85969393
52.8,5.863376175
52.9,5.86705052
53,5.870717004
53.1,5.874375666
53.2,5.878026548
53.3,5.88166969
53.4,5.885305136
53.5,5.888932929
53.6,5.892553116
53.7,5.896165742
53.8,5.899770854
53.9,5.903368501
54,5.906958731
54.1,5.910541594
54.2,5.914117142
54.3,5.917685426
54.4,5.921246499
54.5,5.924800414
54.6,5.928347226
54.7,5.93188699
54.8,5.935419761
54.9,5.938945597
55,5.942464555
55.1,5.945976692
55.2,5.949482068
55.3,5.952980742
55.4,5.956472774
55.5,5.959958224
55.6,5.963437154
55.7,5.966909625
55.8,5.9703757
55.9,5.97383544
56,5.97728891
56.1,5.980736172
56.2,5.984177291
56.3,5.98761233
56.4,5.991041356
56.5,5.994464432
56.6,5.997881624
56.7,6.001292997
56.8,6.004698618
56.9,6.008098552
57,6.011492865
57.1,6.014881625
57.2,6.018264897
57.3,6.021642749
57.4,6.025015246
57.5,6.028382457
57.6,6.031744447
57.7,6.035101284
57.8,6.038453035
57.9,6.041799767
58,6.045141546
58.1,6.048478439
58.2,6.051810514
58.3,6.055137837
58.4,6.058460473
58.5,6.061778491
58.6,6.065091955
58.7,6.068400932
58.8,6.071705488
58.9,6.075005687
59,6.078301596
59.1,6.08159328
59.2,6.084880803
59.3,6.08816423
59.4,6.091443624
59.5,6.09471905
59.6,6.09799057
59.7,6.101258249
59.8,6.104522149
59.9,6.107782331
60,6.111038858
60.1,6.114291791
60.2,6.117541191
60.3,6.120787119
60.4,6.124029635
60.5,6.127268797
60.6,6.130504666
60.7,6.133737299
60.8,6.136966755
60.9,6.140193091
61,6.143416364
61.1,6.14663663
61.2,6.149853945
61.3,6.153068365
61.4,6.156279944
61.5,6.159488735
61.6,6.162694793
61.7,6.165898171
61.8,6.16909892
61.9,6.172297091
62,6.175492737
62.1,6.178685908
62.2,6.181876652
62.3,6.18506502
62.4,6.188251058
62.5,6.191434817
62.6,6.194616341
62.7,6.197795678
62.8,6.200972874
62.9,6.204147974
63,6.207321021
63.1,6.21049206
63.2,6.213661134
63.3,6.216828285
63.4,6.219993555
63.5,6.223156985
63.6,6.226318615
63.7,6.229478485
63.8,6.232636635
63.9,6.235793101
64,6.238947922
64.1,6.242101135
64.2,6.245252776
64.3,6.24840288
64.4,6.251551483
64.5,6.254698619
64.6,6.257844321
64.7,6.260988621
64.8,6.264131553
64.9,6.267273148
65,6.270413436
65.1,6.273552448
65.2,6.276690214
65.3,6.279826761
65.4,6.282962119
65.5,6.286096314
65.6,6.289229374
65.7,6.292361324
65.8,6.295492191
65.9,6.298622
66,6.301750774
66.1,6.304878537
66.2,6.308005312
66.3,6.311131121
66.4,6.314255987
66.5,6.31737993
66.6,6.320502971
66.7,6.32362513
66.8,6.326746425
66.9,6.329866876
67,6.3329865
67.1,6.336105315
67.2,6.339223337
67.3,6.342340584
67.4,6.345457069
67.5,6.348572809
67.6,6.351687818
67.7,6.354802109
67.8,6.357915696
67.9,6.361028592
68,6.364140808
68.1,6.367252356
68.2,6.370363246
68.3,6.37347349
68.4,6.376583096
68.5,6.379692075
68.6,6.382800434
68.7,6.385908182
68.8,6.389015326
68.9,6.392121873
69,6.39522783
69.1,6.398333202
69.2,6.401437994
69.3,6.404542212
69.4,6.407645858
69.5,6.410748938
69.6,6.413851454
69.7,6.416953408
69.8,6.420054802
69.9,6.423155638
70,6.426255917
70.1,6.429355638
70.2,6.432454802
70.3,6.435553408
70.4,6.438651454
70.5,6.441748938
70.6,6.444845859
70.7,6.447942212
70.8,6.451037994
70.9,6.454133202
71,6.45722783
71.1,6.460321873
71.2,6.463415326
71.3,6.466508182
71.4,6.469600434
71.5,6.472692075
71.6,6.475783096
71.7,6.47887349
71.8,6.481963246
71.9,6.485052356
72,6.488140808
72.1,6.491228592
72.2,6.494315697
72.3,6.49740211
72.4,6.500487818
72.5,6.503572809
72.6,6.506657069
72.7,6.509740584
72.8,6.512823337
72.9,6.515905315
73,6.5189865
73.1,6.522066876
73.2,6.525146425
73.3,6.52822513
73.4,6.531302971
73.5,6.53437993
73.6,6.537455987
73.7,6.540531122
73.8,6.543605312
73.9,6.546678537
74,6.549750774
74.1,6.552822
74.2,6.555892192
74.3,6.558961325
74.4,6.562029374
74.5,6.565096314
74.6,6.568162119
74.7,6.571226761
74.8,6.574290214
74.9,6.577352449
75,6.580413437
75.1,6.583473148
75.2,6.586531554
75.3,6.589588622
75.4,6.592644321
75.5,6.595698619
75.6,6.598751483
75.7,6.601802881
75.8,6.604852776
75.9,6.607901135
76,6.610947922
76.1,6.613993101
76.2,6.617036635
76.3,6.620078486
76.4,6.623118616
76.5,6.626156985
76.6,6.629193555
76.7,6.632228285
76.8,6.635261134
76.9,6.63829206
77,6.641321021
77.1,6.644347974
77.2,6.647372875
77.3,6.650395679
77.4,6.653416342
77.5,6.656434817
77.6,6.659451059
77.7,6.66246502
77.8,6.665476652
77.9,6.668485908
78,6.671492738
78.1,6.674497092
78.2,6.67749892
78.3,6.680498171
78.4,6.683494794
78.5,6.686488736
78.6,6.689479944
78.7,6.692468365
78.8,6.695453946
78.9,6.69843663
79,6.701416364
79.1,6.704393091
79.2,6.707366755
79.3,6.710337299
79.4,6.713304666
79.5,6.716268797
79.6,6.719229635
79.7,6.72218712
79.8,6.725141192
79.9,6.728091791
80,6.731038858
80.1,6.733982331
80.2,6.736922149
80.3,6.73985825
80.4,6.742790571
80.5,6.74571905
80.6,6.748643624
80.7,6.75156423
80.8,6.754480803
80.9,6.757393281
81,6.760301597
81.1,6.763205688
81.2,6.766105488
81.3,6.769000932
81.4,6.771891955
81.5,6.774778491
81.6,6.777660474
81.7,6.780537837
81.8,6.783410515
81.9,6.78627844
82,6.789141546
82.1,6.791999767
82.2,6.794853036
82.3,6.797701285
82.4,6.800544448
82.5,6.803382457
82.6,6.806215247
82.7,6.809042749
82.8,6.811864898
82.9,6.814681625
83,6.817492866
83.1,6.820298552
83.2,6.823098618
83.3,6.825892998
83.4,6.828681624
83.5,6.831464432
83.6,6.834241356
83.7,6.837012331
83.8,6.839777291
83.9,6.842536172
84,6.84528891
84.1,6.848035441
84.2,6.8507757
84.3,6.853509626
84.4,6.856237155
84.5,6.858958225
84.6,6.861672775
84.7,6.864380743
84.8,6.867082069
84.9,6.869776693
85,6.872464555
85.1,6.875145598
85.2,6.877819762
85.3,6.88048699
85.4,6.883147227
85.5,6.885800415
85.6,6.888446499
85.7,6.891085427
85.8,6.893717143
85.9,6.896341595
86,6.898958732
86.1,6.901568502
86.2,6.904170855
86.3,6.906765743
86.4,6.909353117
86.5,6.91193293
86.6,6.914505136
86.7,6.91706969
86.8,6.919626548
86.9,6.922175667
87,6.924717005
87.1,6.927250521
87.2,6.929776176
87.3,6.93229393
87.4,6.934803748
87.5,6.937305592
87.6,6.939799429
87.7,6.942285223
87.8,6.944762943
87.9,6.947232557
88,6.949694036
88.1,6.952147351
88.2,6.954592475
88.3,6.957029381
88.4,6.959458045
88.5,6.961878444
88.6,6.964290555
88.7,6.966694359
88.8,6.969089835
88.9,6.971476965
89,6.973855735
89.1,6.976226128
89.2,6.97858813
89.3,6.98094173
89.4,6.983286917
89.5,6.985623681
89.6,6.987952014
89.7,6.99027191
89.8,6.992583364
89.9,6.994886372
90,6.997180933