ZONE,T="TIME=3.162240000000e+09"
50,-4.582052385
50.1,-4.578926687
50.2,-4.575801119
50.3,-4.572675679
50.4,-4.569550367
50.5,-4.566425185
50.6,-4.563300131
50.7,-4.560175207
50.8,-4.557050411
50.9,-4.553925744
51,-4.550801205
51.1,-4.547676796
51.2,-4.544552515
51.3,-4.541428363
51.4,-4.53830434
51.5,-4.535180446
51.6,-4.53205668
51.7,-4.528933043
51.8,-4.525809536
51.9,-4.522686157
52,-4.519562906
52.1,-4.516439785
52.2,-4.513316792
52.3,-4.510193928
52.4,-4.507071193
52.5,-4.503948587
52.6,-4.50082611
52.7,-4.497703761
52.8,-4.494581542
52.9,-4.491459451
53,-4.488337488
53.1,-4.485215655
53.2,-4.482093951
53.3,-4.478972375
53.4,-4.475850928
53.5,-4.47272961
53.6,-4.469608421
53.7,-4.46648736
53.8,-4.463366428
53.9,-4.460245626
54,-4.457124952
54.1,-4.454004406
54.2,-4.45088399
54.3,-4.447763702
54.4,-4.444643544
54.5,-4.441523514
54.6,-4.438403612
54.7,-4.43528384
54.8,-4.432164196
54.9,-4.429044682
55,-4.425925296
55.1,-4.422806039
55.2,-4.41968691
55.3,-4.416567911
55.4,-4.41344904
55.5,-4.410330298
55.6,-4.407211685
55.7,-4.404093201
55.8,-4.400974845
55.9,-4.397856619
56,-4.394738521
56.1,-4.391620552
56.2,-4.388502712
56.3,-4.385385
56.4,-4.382267418
56.5,-4.379149964
56.6,-4.376032639
56.7,-4.372915443
56.8,-4.369798375
56.9,-4.366681437
57,-4.363564627
57.1,-4.360447946
57.2,-4.357331394
57.3,-4.354214971
57.4,-4.351098676
57.5,-4.347982511
57.6,-4.344866474
57.7,-4.341750566
57.8,-4.338634787
57.9,-4.335519136
58,-4.332403614
58.1,-4.329288222
58.2,-4.326172958
58.3,-4.323057822
58.4,-4.319942816
58.5,-4.316827938
58.6,-4.31371319
58.7,-4.31059857
58.8,-4.307484079
58.9,-4.304369716
59,-4.301255483
59.1,-4.298141378
59.2,-4.295027402
59.3,-4.291913555
59.4,-4.288799837
59.5,-4.285686247
59.6,-4.282572787
59.7,-4.279459455
59.8,-4.276346252
59.9,-4.273233177
60,-4.270120232
60.1,-4.267007415
60.2,-4.263894728
60.3,-4.260782169
60.4,-4.257669738
60.5,-4.254557437
60.6,-4.251445264
60.7,-4.248333221
60.8,-4.245221306
60.9,-4.24210952
61,-4.238997862
61.1,-4.235886334
61.2,-4.232774934
61.3,-4.229663663
61.4,-4.226552521
61.5,-4.223441508
61.6,-4.220330623
61.7,-4.217219868
61.8,-4.214109241
61.9,-4.210998743
62,-4.207888374
62.1,-4.204778133
62.2,-4.201668022
62.3,-4.198558039
62.4,-4.195448185
62.5,-4.19233846
62.6,-4.189228863
62.7,-4.186119396
62.8,-4.183010057
62.9,-4.179900847
63,-4.176791766
63.1,-4.173682814
63.2,-4.17057399
63.3,-4.167465295
63.4,-4.16435673
63.5,-4.161248293
63.6,-4.158139984
63.7,-4.155031805
63.8,-4.151923754
63.9,-4.148815832
64,-4.145708039
64.1,-4.142600375
64.2,-4.13949284
64.3,-4.136385433
64.4,-4.133278155
64.5,-4.130171006
64.6,-4.127063986
64.7,-4.123957095
64.8,-4.120850332
64.9,-4.117743699
65,-4.114637194
65.1,-4.111530818
65.2,-4.10842457
65.3,-4.105318452
65.4,-4.102212462
65.5,-4.099106601
65.6,-4.096000869
65.7,-4.092895266
65.8,-4.089789792
65.9,-4.086684446
66,-4.083579229
66.1,-4.080474141
66.2,-4.077369182
66.3,-4.074264352
66.4,-4.07115965
66.5,-4.068055077
66.6,-4.064950633
66.7,-4.061846318
66.8,-4.058742132
66.9,-4.055638074
67,-4.052534146
67.1,-4.049430346
67.2,-4.046326675
67.3,-4.043223132
67.4,-4.040119719
67.5,-4.037016434
67.6,-4.033913278
67.7,-4.030810251
67.8,-4.027707353
67.9,-4.024604584
68,-4.021501943
68.1,-4.018399431
68.2,-4.015297048
68.3,-4.012194794
68.4,-4.009092669
68.5,-4.005990672
68.6,-4.002888804
68.7,-3.999787065
68.8,-3.996685455
68.9,-3.993583974
69,-3.990482621
69.1,-3.987381398
69.2,-3.984280303
69.3,-3.981179337
69.4,-3.9780785
69.5,-3.974977791
69.6,-3.971877211
69.7,-3.968776761
69.8,-3.965676439
69.9,-3.962576245
70,-3.959476181
70.1,-3.956376245
70.2,-3.953276439
70.3,-3.950176761
70.4,-3.947077211
70.5,-3.943977791
70.6,-3.9408785
70.7,-3.937779337
70.8,-3.934680303
70.9,-3.931581398
71,-3.928482621
71.1,-3.925383974
71.2,-3.922285455
71.3,-3.919187065
71.4,-3.916088804
71.5,-3.912990672
71.6,-3.909892669
71.7,-3.906794794
71.8,-3.903697048
71.9,-3.900599431
72,-3.897501943
72.1,-3.894404584
72.2,-3.891307353
72.3,-3.888210251
72.4,-3.885113278
72.5,-3.882016434
72.6,-3.878919719
72.7,-3.875823132
72.8,-3.872726675
72.9,-3.869630346
73,-3.866534146
73.1,-3.863438074
73.2,-3.860342132
73.3,-3.857246318
73.4,-3.854150633
73.5,-3.851055077
73.6,-3.84795965
73.7,-3.844864352
73.8,-3.841769182
73.9,-3.838674141
74,-3.835579229
74.1,-3.832484446
74.2,-3.829389792
74.3,-3.826295266
74.4,-3.823200869
74.5,-3.820106601
74.6,-3.817012462
74.7,-3.813918452
74.8,-3.81082457
74.9,-3.807730818
75,-3.804637194
75.1,-3.801543699
75.2,-3.798450332
75.3,-3.795357095
75.4,-3.792263986
75.5,-3.789171006
75.6,-3.786078155
75.7,-3.782985433
75.8,-3.77989284
75.9,-3.776800375
76,-3.773708039
76.1,-3.770615832
76.2,-3.767523754
76.3,-3.764431805
76.4,-3.761339984
76.5,-3.758248293
76.6,-3.75515673
76.7,-3.752065295
76.8,-3.74897399
76.9,-3.745882814
77,-3.742791766
77.1,-3.739700847
77.2,-3.736610057
77.3,-3.733519396
77.4,-3.730428863
77.5,-3.72733846
77.6,-3.724248185
77.7,-3.721158039
77.8,-3.718068022
77.9,-3.714978133
78,-3.711888374
78.1,-3.708798743
78.2,-3.705709241
78.3,-3.702619868
78.4,-3.699530623
78.5,-3.696441508
78.6,-3.693352521
78.7,-3.690263663
78.8,-3.687174934
78.9,-3.684086334
79,-3.680997862
79.1,-3.67790952
79.2,-3.674821306
79.3,-3.671733221
79.4,-3.668645264
79.5,-3.665557437
79.6,-3.662469738
79.7,-3.659382169
79.8,-3.656294728
79.9,-3.653207415
80,-3.650120232
80.1,-3.647033177
80.2,-3.643946252
80.3,-3.640859455
80.4,-3.637772787
80.5,-3.634686247
80.6,-3.631599837
80.7,-3.628513555
80.8,-3.625427402
80.9,-3.622341378
81,-3.619255483
81.1,-3.616169716
81.2,-3.613084079
81.3,-3.60999857
81.4,-3.60691319
81.5,-3.603827938
81.6,-3.600742816
81.7,-3.597657822
81.8,-3.594572958
81.9,-3.591488222
82,-3.588403614
82.1,-3.585319136
82.2,-3.582234787
82.3,-3.579150566
82.4,-3.576066474
82.5,-3.572982511
82.6,-3.569898676
82.7,-3.566814971
82.8,-3.563731394
82.9,-3.560647946
83,-3.557564627
83.1,-3.554481437
83.2,-3.551398375
83.3,-3.548315443
83.4,-3.545232639
83.5,-3.542149964
83.6,-3.539067418
83.7,-3.535985
83.8,-3.532902712
83.9,-3.529820552
84,-3.526738521
84.1,-3.523656619
84.2,-3.520574845
84.3,-3.517493201
84.4,-3.514411685
84.5,-3.511330298
84.6,-3.50824904
84.7,-3.505167911
84.8,-3.50208691
84.9,-3.499006039
85,-3.495925296
85.1,-3.492844682
85.2,-3.489764196
85.3,-3.48668384
85.4,-3.483603612
85.5,-3.480523514
85.6,-3.477443544
85.7,-3.474363702
85.8,-3.47128399
85.9,-3.468204406
86,-3.465124952
86.1,-3.462045626
86.2,-3.458966428
86.3,-3.45588736
86.4,-3.452808421
86.5,-3.44972961
86.6,-3.446650928
86.7,-3.443572375
86.8,-3.440493951
86.9,-3.437415655
87,-3.434337488
87.1,-3.431259451
87.2,-3.428181542
87.3,-3.425103761
87.4,-3.42202611
87.5,-3.418948587
87.6,-3.415871193
87.7,-3.412793928
87.8,-3.409716792
87.9,-3.406639785
88,-3.403562906
88.1,-3.400486157
88.2,-3.397409536
88.3,-3.394333043
88.4,-3.39125668
88.5,-3.388180446
88.6,-3.38510434
88.7,-3.382028363
88.8,-3.378952515
88.9,-3.375876796
89,-3.372801205
89.1,-3.369725744
89.2,-3.366650411
89.3,-3.363575207
89.4,-3.360500131
89.5,-3.357425185
89.6,-3.354350367
89.7,-3.351275679
89.8,-3.348201119
89.9,-3.345126687
90,-3.342052385
