ZONE,T="TIME=3.162240000000e+07"
50,4.748105351
50.1,4.749904369
50.2,4.751693467
50.3,4.753472648
50.4,4.755241917
50.5,4.757001281
50.6,4.758750751
50.7,4.760490337
50.8,4.762220052
50.9,4.763939913
51,4.765649936
51.1,4.767350142
51.2,4.769040551
51.3,4.770721188
51.4,4.772392078
51.5,4.774053248
51.6,4.775704729
51.7,4.77734655
51.8,4.778978747
51.9,4.780601353
52,4.782214406
52.1,4.783817945
52.2,4.785412011
52.3,4.786996646
52.4,4.788571895
52.5,4.790137803
52.6,4.791694419
52.7,4.793241791
52.8,4.794779972
52.9,4.796309014
53,4.797828971
53.1,4.799339899
53.2,4.800841856
53.3,4.802334901
53.4,4.803819093
53.5,4.805294496
53.6,4.806761172
53.7,4.808219186
53.8,4.809668603
53.9,4.811109492
54,4.812541921
54.1,4.813965958
54.2,4.815381676
54.3,4.816789145
54.4,4.81818844
54.5,4.819579634
54.6,4.820962803
54.7,4.822338021
54.8,4.823705367
54.9,4.825064919
55,4.826416754
55.1,4.827760953
55.2,4.829097596
55.3,4.830426764
55.4,4.831748538
55.5,4.833063001
55.6,4.834370236
55.7,4.835670326
55.8,4.836963356
55.9,4.838249409
56,4.83952857
56.1,4.840800926
56.2,4.842066561
56.3,4.843325561
56.4,4.844578013
56.5,4.845824002
56.6,4.847063617
56.7,4.848296942
56.8,4.849524066
56.9,4.850745075
57,4.851960056
57.1,4.853169097
57.2,4.854372283
57.3,4.855569702
57.4,4.856761441
57.5,4.857947587
57.6,4.859128225
57.7,4.860303442
57.8,4.861473325
57.9,4.862637958
58,4.863797428
58.1,4.864951819
58.2,4.866101216
58.3,4.867245704
58.4,4.868385366
58.5,4.869520286
58.6,4.870650547
58.7,4.871776231
58.8,4.872897421
58.9,4.874014197
59,4.875126642
59.1,4.876234834
59.2,4.877338853
59.3,4.878438779
59.4,4.87953469
59.5,4.880626663
59.6,4.881714776
59.7,4.882799104
59.8,4.883879724
59.9,4.884956709
60,4.886030134
60.1,4.887100071
60.2,4.888166594
60.3,4.889229774
60.4,4.890289681
60.5,4.891346386
60.6,4.892399957
60.7,4.893450463
60.8,4.894497971
60.9,4.895542547
61,4.896584257
61.1,4.897623166
61.2,4.898659337
61.3,4.899692833
61.4,4.900723716
61.5,4.901752047
61.6,4.902777886
61.7,4.903801293
61.8,4.904822325
61.9,4.90584104
62,4.906857494
62.1,4.907871743
62.2,4.908883841
62.3,4.909893842
62.4,4.910901798
62.5,4.911907762
62.6,4.912911783
62.7,4.913913912
62.8,4.914914197
62.9,4.915912687
63,4.916909429
63.1,4.917904469
63.2,4.918897852
63.3,4.919889622
63.4,4.920879824
63.5,4.921868499
63.6,4.922855689
63.7,4.923841435
63.8,4.924825777
63.9,4.925808753
64,4.926790403
64.1,4.927770763
64.2,4.92874987
64.3,4.92972776
64.4,4.930704467
64.5,4.931680025
64.6,4.932654467
64.7,4.933627826
64.8,4.934600134
64.9,4.93557142
65,4.936541716
65.1,4.937511049
65.2,4.938479449
65.3,4.939446944
65.4,4.940413559
65.5,4.941379322
65.6,4.942344258
65.7,4.943308392
65.8,4.944271747
65.9,4.945234347
66,4.946196215
66.1,4.947157372
66.2,4.94811784
66.3,4.949077639
66.4,4.95003679
66.5,4.950995312
66.6,4.951953223
66.7,4.952910541
66.8,4.953867284
66.9,4.954823469
67,4.955779112
67.1,4.956734228
67.2,4.957688833
67.3,4.958642941
67.4,4.959596565
67.5,4.96054972
67.6,4.961502417
67.7,4.962454669
67.8,4.963406488
67.9,4.964357885
68,4.965308869
68.1,4.966259452
68.2,4.967209643
68.3,4.968159451
68.4,4.969108884
68.5,4.97005795
68.6,4.971006657
68.7,4.971955012
68.8,4.972903021
68.9,4.97385069
69,4.974798025
69.1,4.975745031
69.2,4.976691712
69.3,4.977638072
69.4,4.978584116
69.5,4.979529845
69.6,4.980475264
69.7,4.981420373
69.8,4.982365175
69.9,4.983309672
70,4.984253863
70.1,4.985197749
70.2,4.986141331
70.3,4.987084607
70.4,4.988027577
70.5,4.988970239
70.6,4.989912591
70.7,4.99085463
70.8,4.991796355
70.9,4.992737761
71,4.993678845
71.1,4.994619602
71.2,4.995560027
71.3,4.996500116
71.4,4.997439863
71.5,4.998379261
71.6,4.999318303
71.7,5.000256983
71.8,5.001195293
71.9,5.002133225
72,5.00307077
72.1,5.004007918
72.2,5.004944661
72.3,5.005880987
72.4,5.006816886
72.5,5.007752347
72.6,5.008687358
72.7,5.009621907
72.8,5.01055598
72.9,5.011489564
73,5.012422645
73.1,5.013355209
73.2,5.014287239
73.3,5.015218721
73.4,5.016149638
73.5,5.017079973
73.6,5.018009708
73.7,5.018938826
73.8,5.019867306
73.9,5.02079513
74,5.021722278
74.1,5.022648728
74.2,5.02357446
74.3,5.024499451
74.4,5.025423678
74.5,5.026347118
74.6,5.027269747
74.7,5.028191539
74.8,5.029112469
74.9,5.030032511
75,5.030951638
75.1,5.031869821
75.2,5.032787033
75.3,5.033703244
75.4,5.034618423
75.5,5.03553254
75.6,5.036445563
75.7,5.03735746
75.8,5.038268198
75.9,5.039177741
76,5.040086057
76.1,5.040993108
76.2,5.041898858
76.3,5.04280327
76.4,5.043706306
76.5,5.044607926
76.6,5.045508091
76.7,5.04640676
76.8,5.04730389
76.9,5.04819944
77,5.049093366
77.1,5.049985624
77.2,5.050876168
77.3,5.051764953
77.4,5.05265193
77.5,5.053537053
77.6,5.054420273
77.7,5.055301539
77.8,5.056180801
77.9,5.057058008
78,5.057933107
78.1,5.058806044
78.2,5.059676766
78.3,5.060545216
78.4,5.06141134
78.5,5.062275079
78.6,5.063136376
78.7,5.063995172
78.8,5.064851407
78.9,5.065705021
79,5.066555951
79.1,5.067404136
79.2,5.068249512
79.3,5.069092015
79.4,5.069931579
79.5,5.07076814
79.6,5.071601629
79.7,5.072431979
79.8,5.073259123
79.9,5.074082989
80,5.07490351
80.1,5.075720612
80.2,5.076534226
80.3,5.077344278
80.4,5.078150695
80.5,5.078953403
80.6,5.079752327
80.7,5.080547392
80.8,5.081338523
80.9,5.082125641
81,5.082908671
81.1,5.083687533
81.2,5.084462149
81.3,5.08523244
81.4,5.085998326
81.5,5.086759727
81.6,5.087516562
81.7,5.088268749
81.8,5.089016208
81.9,5.089758854
82,5.090496607
82.1,5.091229382
82.2,5.091957097
82.3,5.092679667
82.4,5.093397009
82.5,5.094109038
82.6,5.09481567
82.7,5.09551682
82.8,5.096212403
82.9,5.096902334
83,5.097586528
83.1,5.0982649
83.2,5.098937364
83.3,5.099603836
83.4,5.100264229
83.5,5.10091846
83.6,5.101566442
83.7,5.102208091
83.8,5.102843323
83.9,5.103472052
84,5.104094195
84.1,5.104709668
84.2,5.105318386
84.3,5.105920268
84.4,5.10651523
84.5,5.107103189
84.6,5.107684065
84.7,5.108257776
84.8,5.10882424
84.9,5.109383379
85,5.109935113
85.1,5.110479362
85.2,5.11101605
85.3,5.111545098
85.4,5.112066431
85.5,5.112579974
85.6,5.11308565
85.7,5.113583388
85.8,5.114073114
85.9,5.114554756
86,5.115028245
86.1,5.115493511
86.2,5.115950485
86.3,5.1163991
86.4,5.116839291
86.5,5.117270992
86.6,5.117694141
86.7,5.118108676
86.8,5.118514535
86.9,5.11891166
87,5.119299993
87.1,5.119679477
87.2,5.120050058
87.3,5.120411682
87.4,5.120764298
87.5,5.121107855
87.6,5.121442305
87.7,5.121767602
87.8,5.122083699
87.9,5.122390554
88,5.122688124
88.1,5.122976371
88.2,5.123255255
88.3,5.12352474
88.4,5.123784793
88.5,5.124035379
88.6,5.124276469
88.7,5.124508034
88.8,5.124730046
88.9,5.12494248
89,5.125145314
89.1,5.125338526
89.2,5.125522097
89.3,5.12569601
89.4,5.12586025
89.5,5.126014804
89.6,5.126159659
89.7,5.126294808
89.8,5.126420244
89.9,5.12653596
90,5.126641954