0	13.33857167
86400	14.27891
172800	14.66389583
259200	14.02816833
345600	13.99421417
432000	13.59749333
518400	13.10588083
604800	13.27127167
691200	12.99761833
777600	13.39938333
864000	13.24238333
950400	13.12983167
1036800	13.00374333
1123200	13.03044417
1209600	14.012225
1296000	14.15572
1382400	13.91641333
1468800	14.2413575
1555200	14.25182667
1641600	13.99116333
1728000	13.53243
1814400	13.93199583
1900800	14.0694475
1987200	13.93959917
2073600	13.75126333
2160000	14.14382167
2246400	14.43027083
2332800	14.89052583
2419200	14.5647625
2505600	14.70913167
2592000	14.4048325
2678400	14.39469083
2764800	14.55381667
2851200	14.07753917
2937600	14.4848125
3024000	14.88210917
3110400	14.99426917
3196800	14.7198325
3283200	13.8994675
3369600	13.797245
3456000	13.95702
3542400	14.1863275
3628800	13.82103083
3715200	14.10988667
3801600	14.43060417
3888000	14.10331167
3974400	13.8897325
4060800	13.50674083
4147200	14.00409917
4233600	13.63774667
4320000	13.53676167
4406400	13.502745
4492800	13.26049083
4579200	13.04111333
4665600	13.35912917
4752000	13.78014417
4838400	13.04496083
4924800	12.585545
5011200	12.7445675
5097600	12.534
5184000	12.7227825
5270400	12.79657333
5356800	13.0314875
5443200	12.50677167
5529600	12.753615
5616000	12.3760675
5702400	13.01055083
5788800	13.5056275
5875200	13.105665
5961600	12.5620475
6048000	12.37366167
6134400	11.897195
6220800	12.69482667
6307200	13.03634417
6393600	13.1623525
6480000	13.21059417
6566400	12.12627
6652800	11.06497
6739200	11.33452167
6825600	11.172505
6912000	10.981825
6998400	11.41864417
7084800	11.8113175
7171200	12.09638833
7257600	11.86267083
7344000	10.9781525
7430400	10.58443333
7516800	10.995705
7603200	10.73140667
7689600	11.04313
7776000	11.3668425
7862400	11.42183917
7948800	11.49084583
8035200	10.76594417
8121600	10.31614917
8208000	10.53609583
8294400	9.3254125
8380800	9.764080833
8467200	9.33977
8553600	9.6644125
8640000	9.616824167
8726400	9.812421667
8812800	10.30058667
8899200	9.9343125
8985600	9.477900833
9072000	9.787630833
9158400	9.848114167
9244800	9.656669167
9331200	8.362530833
9417600	8.0032325
9504000	7.924054167
9590400	7.294833333
9676800	6.951956667
9763200	7.568080833
9849600	7.7661575
9936000	7.731069167
10022400	7.51577
10108800	8.284316667
10195200	8.031366667
10281600	8.603025833
10368000	8.686358333
10454400	8.089555833
10540800	8.040711667
10627200	7.892873333
10713600	6.926404167
10800000	7.61568
10886400	7.51228
10972800	7.300195833
11059200	7.271676667
11145600	7.183500833
11232000	6.716796667
11318400	6.143890833
11404800	4.931660833
11491200	6.7481875
11577600	7.046464167
11664000	6.015715833
11750400	5.490145
11836800	6.634785
11923200	6.045183333
12009600	4.9381275
12096000	5.25306
12182400	5.2943275
12268800	5.592866667
12355200	5.3533325
12441600	4.886064167
12528000	4.25783
12614400	4.033163333
12700800	5.61912
12787200	4.840003333
12873600	5.14956
12960000	4.834144167
13046400	4.2676775
13132800	4.373393333
13219200	4.125404167
13305600	3.691795833
13392000	3.4656525
13478400	3.957665833
13564800	4.659234167
13651200	4.589833333
13737600	3.842014167
13824000	2.946663333
13910400	3.06084
13996800	3.775731667
14083200	4.186840833
14169600	3.296061667
14256000	3.14211
14342400	3.731600833
14428800	4.242315833
14515200	3.007271667
14601600	2.5393225
14688000	0.753518333
14774400	0.490849167
14860800	0.492385
14947200	1.172539167
15033600	2.067996667
15120000	2.964240833
15206400	3.85237
15292800	2.965830833
15379200	1.969953333
15465600	2.059095
15552000	1.846483333
15638400	1.475439167
15724800	1.0968025
15811200	1.180340833
15897600	1.618000833
15984000	2.601900833
16070400	1.559828333
16156800	2.0775575
16243200	1.998066667
16329600	2.1720325
16416000	2.017973333
16502400	2.1858725
16588800	2.288628333
16675200	2.680284167
16761600	3.376271667
16848000	3.574428333
16934400	4.210775833
17020800	4.221743333
17107200	3.233121667
17193600	4.055469167
17280000	3.53946
17366400	3.068844167
17452800	3.404139167
17539200	4.027335
17625600	3.518133333
17712000	3.2083175
17798400	3.19895
17884800	3.494826667
17971200	3.31455
18057600	3.734731667
18144000	3.861585833
18230400	3.958174167
18316800	3.10034
18403200	2.390085833
18489600	1.945816667
18576000	2.758369167
18662400	2.975909167
18748800	2.983694167
18835200	2.7946525
18921600	2.878029167
19008000	2.854715
19094400	2.755046667
19180800	2.9573275
19267200	2.367984167
19353600	2.376050833
19440000	2.5939825
19526400	3.587069167
19612800	3.5999925
19699200	3.1330375
19785600	3.038530833
19872000	3.551785833
19958400	3.558385833
20044800	3.44702
20131200	2.092046667
20217600	2.017839167
20304000	2.5969025
20390400	3.593604167
20476800	3.42489
20563200	3.919415
20649600	3.697283333
20736000	3.716248333
20822400	3.594834167
20908800	3.5019175
20995200	3.257201667
21081600	2.391526667
21168000	1.974795
21254400	2.393870833
21340800	2.894524167
21427200	3.161555833
21513600	3.5726975
21600000	4.618355833
21686400	4.560950833
21772800	4.39252
21859200	4.692306667
21945600	4.5349525
22032000	3.797874167
22118400	3.501836667
22204800	4.474189167
22291200	4.872020833
22377600	5.0778475
22464000	5.941068333
22550400	4.896718333
22636800	4.374278333
22723200	4.296091667
22809600	5.248921667
22896000	5.474535
22982400	5.220071667
23068800	5.311335
23155200	5.62773
23241600	5.6414225
23328000	5.960011667
23414400	5.81859
23500800	5.465750833
23587200	6.258398333
23673600	6.764125
23760000	6.7721975
23846400	6.728270833
23932800	6.898704167
24019200	6.1608875
24105600	6.482851667
24192000	6.138571667
24278400	5.36512
24364800	5.628363333
24451200	6.639458333
24537600	7.261606667
24624000	6.8970075
24710400	6.410599167
24796800	6.101038333
24883200	7.1738025
24969600	7.296936667
25056000	6.7377825
25142400	6.621730833
25228800	6.07249
25315200	6.246026667
25401600	6.6108625
25488000	7.424105
25574400	8.0792125
25660800	8.3010625
25747200	8.463675
25833600	8.729941667
25920000	8.225224167
26006400	8.081100833
26092800	7.740745
26179200	7.674780833
26265600	7.520305
26352000	7.751210833
26438400	8.149235833
26524800	8.002503333
26611200	8.463196667
26697600	8.999285833
26784000	8.696681667
26870400	8.716240833
26956800	8.868875833
27043200	8.770315
27129600	9.054386667
27216000	9.041688333
27302400	8.632620833
27388800	8.6550375
27475200	8.7656025
27561600	8.910925833
27648000	9.344939167
27734400	9.713915833
27820800	9.217005
27907200	9.408470833
27993600	9.984421667
28080000	9.989784167
28166400	10.31765667
28252800	10.85668333
28339200	10.68249833
28425600	10.47745583
28512000	10.39651917
28598400	10.32028
28684800	10.87461833
28771200	10.98882167
28857600	10.8984225
28944000	11.27602583
29030400	12.51052
29116800	12.4223375
29203200	12.21895417
29289600	11.35546333
29376000	10.99558
29462400	11.549155
29548800	11.61021917
29635200	11.8533725
29721600	12.06668417
29808000	12.0048575
29894400	11.94455167
29980800	11.046515
30067200	11.21260667
30153600	11.19085583
30240000	12.00491833
30326400	12.18682083
30412800	12.7038025
30499200	12.36914833
30585600	12.25003333
30672000	11.95948
30758400	11.97911667
30844800	12.59180667
30931200	12.99390083
31017600	12.6291275
31104000	12.63304083
31190400	13.3138275
31276800	12.93934083
31363200	13.30017417
31449600	13.6279025
31536000	13.58162917
31622400	
