DATES	Near-Surface(K)	Temperature(C)	Soilt_Temp_30cm
01/01/2000	279.50565	6.50565	4
02/01/2000	280.74573	7.74573	4.4
03/01/2000	279.3389	6.3389	4.9
04/01/2000	277.67526	4.67526	4.7
05/01/2000	280.85883	7.85883	4.4
06/01/2000	279.14575	6.14575	5.1
07/01/2000	281.2374	8.2374	4.9
08/01/2000	278.07184	5.07184	5.4
09/01/2000	276.43173	3.43173	4.6
10/01/2000	279.92868	6.92868	4
11/01/2000	279.62555	6.62555	4.5
12/01/2000	277.30228	4.30228	4.9
13/01/2000	275.18848	2.18848	4.5
14/01/2000	275.41495	2.41495	3.7
15/01/2000	274.90176	1.90176	3.1
16/01/2000	278.81396	5.81396	2.7
17/01/2000	279.61597	6.61597	2.5
18/01/2000	279.6499	6.6499	2.4
19/01/2000	278.0229	5.0229	2.4
20/01/2000	278.67538	5.67538	2.8
21/01/2000	278.34525	5.34525	2.9
22/01/2000	278.47397	5.47397	3
23/01/2000	276.1145	3.1145	3
24/01/2000	277.0937	4.0937	2.5
25/01/2000	275.16788	2.16788	2.4
26/01/2000	277.43924	4.43924	2.2
27/01/2000	279.04593	6.04593	2.8
28/01/2000	280.5028	7.5028	3.9
29/01/2000	280.23508	7.23508	4.9
30/01/2000	280.47366	7.47366	4.8
31/01/2000	280.48474	7.48474	5.4
01/02/2000	280.83054	7.83054	6
02/02/2000	279.19397	6.19397	5.8
03/02/2000	280.00394	7.00394	5.4
04/02/2000	283.74005	10.74005	5.9
05/02/2000	282.39597	9.39597	6.6
06/02/2000	280.80685	7.80685	6.8
07/02/2000	279.6071	6.6071	6.5
08/02/2000	278.62335	5.62335	6.2
09/02/2000	279.98325	6.98325	5.6
10/02/2000	278.42087	5.42087	5.8
11/02/2000	280.15875	7.15875	5.4
12/02/2000	276.0628	3.0628	5.5
13/02/2000	277.02338	4.02338	4.6
14/02/2000	278.05057	5.05057	4.1
15/02/2000	276.58145	3.58145	4.4
16/02/2000	274.19437	1.19437	4.1
17/02/2000	276.38098	3.38098	3.6
18/02/2000	277.91153	4.91153	3.5
19/02/2000	276.20728	3.20728	4
20/02/2000	276.23117	3.23117	3.5
21/02/2000	277.89716	4.89716	3.6
22/02/2000	277.20416	4.20416	3.6
23/02/2000	280.5831	7.5831	4
24/02/2000	276.95016	3.95016	4.7
25/02/2000	278.5282	5.5282	4.4
26/02/2000	280.14343	7.14343	4.7
27/02/2000	279.90262	6.90262	5.5
28/02/2000	277.49478	4.49478	5.6
29/02/2000	277.54364	4.54364	5.1
01/03/2000	276.94324	3.94324	4.9
02/03/2000	278.87576	5.87576	4.4
03/03/2000	276.5014	3.5014	4.7
04/03/2000	274.9732	1.9732	4.1
05/03/2000	278.18536	5.18536	3.6
06/03/2000	282.95706	9.95706	4.3
07/03/2000	283.55884	10.55884	5.7
08/03/2000	284.25153	11.25153	7
09/03/2000	282.12427	9.12427	7.5
10/03/2000	282.2958	9.2958	7.7
11/03/2000	281.43652	8.43652	7.9
12/03/2000	281.18896	8.18896	7.6
13/03/2000	282.30963	9.30963	8
14/03/2000	278.8083	5.8083	7.9
15/03/2000	280.86124	7.86124	7.5
16/03/2000	282.2405	9.2405	7.7
17/03/2000	281.66412	8.66412	8
18/03/2000	279.44342	6.44342	8.2
19/03/2000	282.26	9.26	8.1
20/03/2000	282.9721	9.9721	8.6
21/03/2000	280.78363	7.78363	8.9
22/03/2000	277.90848	4.90848	8.7
23/03/2000	278.18982	5.18982	8.4
24/03/2000	280.4219	7.4219	7.8
25/03/2000	278.50153	5.50153	7.7
26/03/2000	278.96167	5.96167	7.5
27/03/2000	277.98862	4.98862	7.5
28/03/2000	277.82123	4.82123	7.4
29/03/2000	279.37088	6.37088	7.4
30/03/2000	279.80704	6.80704	7.9
31/03/2000	279.87442	6.87442	8.4
01/04/2000	279.0247	6.0247	8.6
02/04/2000	276.668	3.668	8.6
03/04/2000	275.26364	2.26364	7.9
04/04/2000	275.76428	2.76428	6.9
05/04/2000	277.3125	4.3125	6.6
06/04/2000	278.74417	5.74417	6.9
07/04/2000	279.33105	6.33105	7.3
08/04/2000	281.54446	8.54446	7.7
09/04/2000	279.72794	6.72794	8.4
10/04/2000	279.51624	6.51624	8.5
11/04/2000	277.6988	4.6988	8.6
12/04/2000	278.3945	5.3945	8.4
13/04/2000	278.21542	5.21542	7.8
14/04/2000	277.71744	4.71744	7.5
15/04/2000	277.1845	4.1845	8
16/04/2000	278.59402	5.59402	7.9
17/04/2000	277.41003	4.41003	8
18/04/2000	279.54535	6.54535	7.7
19/04/2000	280.53214	7.53214	8
20/04/2000	283.91235	10.91235	8.9
21/04/2000	282.98218	9.98218	9.7
22/04/2000	282.78284	9.78284	10.2
23/04/2000	282.18982	9.18982	10.6
24/04/2000	281.9633	8.9633	10.6
25/04/2000	280.0511	7.0511	11
26/04/2000	279.78146	6.78146	10.2
27/04/2000	281.4607	8.4607	9.4
28/04/2000	284.30603	11.30603	9.6
29/04/2000	283.32343	10.32343	10.3
30/04/2000	284.45386	11.45386	10.7
01/05/2000	284.2226	11.2226	11.4
02/05/2000	284.52936	11.52936	12.5
03/05/2000	283.1807	10.1807	12.7
04/05/2000	283.02094	10.02094	12.7
05/05/2000	282.83072	9.83072	12.9
06/05/2000	285.7044	12.7044	13.1
07/05/2000	287.33618	14.33618	13.5
08/05/2000	287.65952	14.65952	13.8
09/05/2000	287.101	14.101	14.2
10/05/2000	284.39645	11.39645	14.7
11/05/2000	285.2883	12.2883	14
12/05/2000	286.21295	13.21295	13.8
13/05/2000	287.88055	14.88055	14.1
14/05/2000	289.00418	16.00418	14.7
15/05/2000	287.27454	14.27454	15.5
16/05/2000	284.6146	11.6146	15.3
17/05/2000	282.6308	9.6308	14.9
18/05/2000	282.7604	9.7604	14.4
19/05/2000	282.66257	9.66257	14.3
20/05/2000	282.22385	9.22385	14.7
21/05/2000	284.03232	11.03232	14
22/05/2000	283.227	10.227	13.8
23/05/2000	282.9028	9.9028	14
24/05/2000	282.28967	9.28967	13.5
25/05/2000	281.8897	8.8897	13.9
26/05/2000	281.82123	8.82123	13.7
27/05/2000	281.3115	8.3115	14.3
28/05/2000	281.55356	8.55356	14.2
29/05/2000	282.7695	9.7695	14.4
30/05/2000	282.3629	9.3629	14.5
31/05/2000	283.06183	10.06183	14.5
01/06/2000	285.97803	12.97803	14.7
02/06/2000	284.549	11.549	14.9
03/06/2000	283.0537	10.0537	15.1
04/06/2000	281.75946	8.75946	14.7
05/06/2000	282.69882	9.69882	14
06/06/2000	283.83157	10.83157	13.5
07/06/2000	284.30527	11.30527	13.5
08/06/2000	284.63467	11.63467	13.7
09/06/2000	284.17987	11.17987	13.8
10/06/2000	284.38617	11.38617	13.6
11/06/2000	283.97812	10.97812	14
12/06/2000	287.1459	14.1459	14
13/06/2000	285.40582	12.40582	14.8
14/06/2000	285.23102	12.23102	14.4
15/06/2000	285.02206	12.02206	14.6
16/06/2000	287.5094	14.5094	15.1
17/06/2000	288.8421	15.8421	15.9
18/06/2000	290.13663	17.13663	16.1
19/06/2000	289.4756	16.4756	16.9
20/06/2000	288.2814	15.2814	17.9
21/06/2000	287.4466	14.4466	17.4
22/06/2000	286.5839	13.5839	17
23/06/2000	284.72116	11.72116	16.7
24/06/2000	284.54144	11.54144	16
25/06/2000	284.90283	11.90283	16.2
26/06/2000	284.78177	11.78177	16.4
27/06/2000	286.68698	13.68698	16.1
28/06/2000	287.2043	14.2043	16.5
29/06/2000	285.78436	12.78436	16.5
30/06/2000	285.56125	12.56125	16.6
01/07/2000	287.33627	14.33627	16.9
02/07/2000	287.70456	14.70456	17.6
03/07/2000	288.13474	15.13474	17.3
04/07/2000	287.0467	14.0467	17.2
05/07/2000	286.49948	13.49948	17.3
06/07/2000	285.46234	12.46234	17.1
07/07/2000	284.98203	11.98203	16.6
08/07/2000	285.82782	12.82782	16.5
09/07/2000	286.1944	13.1944	16.4
10/07/2000	285.57843	12.57843	15.9
11/07/2000	284.6783	11.6783	16.1
12/07/2000	285.14838	12.14838	16.4
13/07/2000	286.0624	13.0624	16.3
14/07/2000	285.85223	12.85223	16.5
15/07/2000	286.5781	13.5781	16.5
16/07/2000	286.5012	13.5012	16.6
17/07/2000	286.78796	13.78796	17.4
18/07/2000	288.34305	15.34305	17.9
19/07/2000	289.08704	16.08704	18.1
20/07/2000	288.4288	15.4288	18.4
21/07/2000	289.248	16.248	18.6
22/07/2000	290.2152	17.2152	19
23/07/2000	288.7867	15.7867	19
24/07/2000	287.0729	14.0729	18.3
25/07/2000	287.664	14.664	18.4
26/07/2000	288.7872	15.7872	18.1
27/07/2000	289.22452	16.22452	18.1
28/07/2000	289.06506	16.06506	18
29/07/2000	289.1476	16.1476	18.5
30/07/2000	289.21643	16.21643	18.4
31/07/2000	289.02322	16.02322	18.4
01/08/2000	289.46545	16.46545	18
02/08/2000	287.96484	14.96484	18.1
03/08/2000	288.52707	15.52707	17.8
04/08/2000	287.5667	14.5667	18.1
05/08/2000	288.23392	15.23392	17.6
06/08/2000	289.7325	16.7325	17.4
07/08/2000	287.85892	14.85892	17.4
08/08/2000	289.80774	16.80774	17.6
09/08/2000	289.23434	16.23434	17.9
10/08/2000	289.02963	16.02963	17.7
11/08/2000	288.34183	15.34183	17.6
12/08/2000	289.02695	16.02695	17.7
13/08/2000	289.69556	16.69556	17.6
14/08/2000	289.25607	16.25607	17.9
15/08/2000	287.7357	14.7357	17.9
16/08/2000	285.97186	12.97186	17.6
17/08/2000	285.88467	12.88467	17.1
18/08/2000	286.07242	13.07242	17
19/08/2000	285.17313	12.17313	16.9
20/08/2000	285.3011	12.3011	16.6
21/08/2000	285.48163	12.48163	16.7
22/08/2000	286.20422	13.20422	16.6
23/08/2000	286.85782	13.85782	16.4
24/08/2000	288.2301	15.2301	16.7
25/08/2000	289.54852	16.54852	16.6
26/08/2000	289.4394	16.4394	17.4
27/08/2000	287.6368	14.6368	17.2
28/08/2000	286.7748	13.7748	17.4
29/08/2000	286.62433	13.62433	17.3
30/08/2000	286.52322	13.52322	17.2
31/08/2000	287.7251	14.7251	17.2
01/09/2000	286.99655	13.99655	17
02/09/2000	286.9271	13.9271	17.1
03/09/2000	284.6079	11.6079	16.9
04/09/2000	286.33057	13.33057	16.5
05/09/2000	288.3733	15.3733	16.5
06/09/2000	286.6304	13.6304	16.6
07/09/2000	287.25104	14.25104	16.3
08/09/2000	286.9484	13.9484	16.1
09/09/2000	286.5324	13.5324	15.7
10/09/2000	286.98352	13.98352	15.5
11/09/2000	287.35843	14.35843	15.8
12/09/2000	286.85284	13.85284	15.4
13/09/2000	286.3645	13.3645	15.5
14/09/2000	286.7086	13.7086	15.5
15/09/2000	286.01035	13.01035	15.6
16/09/2000	286.2881	13.2881	15.5
17/09/2000	286.3411	13.3411	15.4
18/09/2000	284.11984	11.11984	15.4
19/09/2000	284.14737	11.14737	14.6
20/09/2000	285.1273	12.1273	14
21/09/2000	285.4261	12.4261	13.9
22/09/2000	287.00803	14.00803	13.8
23/09/2000	289.06976	16.06976	13.8
24/09/2000	288.87097	15.87097	14.3
25/09/2000	286.61047	13.61047	14.4
26/09/2000	286.14655	13.14655	14.4
27/09/2000	285.97733	12.97733	14.3
28/09/2000	284.0635	11.0635	13.8
29/09/2000	286.3307	13.3307	13.5
30/09/2000	286.06183	13.06183	13.5
01/10/2000	285.3178	12.3178	13.6
02/10/2000	284.42325	11.42325	13.6
03/10/2000	287.1704	14.1704	13.4
04/10/2000	283.9551	10.9551	13.7
05/10/2000	281.2513	8.2513	13.2
06/10/2000	282.5586	9.5586	12.3
07/10/2000	284.1888	11.1888	12.3
08/10/2000	281.81265	8.81265	12.1
09/10/2000	280.50183	7.50183	11.6
10/10/2000	281.36346	8.36346	10.8
11/10/2000	281.41354	8.41354	10.6
12/10/2000	283.75073	10.75073	10.5
13/10/2000	283.53323	10.53323	10.6
14/10/2000	284.14737	11.14737	10.7
15/10/2000	284.74692	11.74692	10.7
16/10/2000	283.0467	10.0467	10.8
17/10/2000	282.86246	9.86246	10.7
18/10/2000	284.03925	11.03925	10.6
19/10/2000	282.01395	9.01395	10.4
20/10/2000	282.08917	9.08917	10
21/10/2000	281.29108	8.29108	9.7
22/10/2000	281.42502	8.42502	9.4
23/10/2000	283.94217	10.94217	9.5
24/10/2000	283.7393	10.7393	9.8
25/10/2000	283.40363	10.40363	10.1
26/10/2000	282.20828	9.20828	10
27/10/2000	283.35956	10.35956	9.8
28/10/2000	282.08023	9.08023	9.6
29/10/2000	281.13785	8.13785	9.2
30/10/2000	278.45438	5.45438	8.9
31/10/2000	280.14172	7.14172	8.3
01/11/2000	278.30136	5.30136	8.1
02/11/2000	277.6971	4.6971	7.8
03/11/2000	278.81506	5.81506	7.4
04/11/2000	279.6811	6.6811	6.9
05/11/2000	277.64432	4.64432	6.7
06/11/2000	279.61386	6.61386	6.8
07/11/2000	280.71155	7.71155	6.9
08/11/2000	280.8067	7.8067	7.2
09/11/2000	281.01257	8.01257	7.3
10/11/2000	279.71777	6.71777	7.3
11/11/2000	279.83478	6.83478	7.3
12/11/2000	278.5659	5.5659	7.2
13/11/2000	279.53168	6.53168	7.1
14/11/2000	279.47855	6.47855	6.9
15/11/2000	279.35745	6.35745	6.6
16/11/2000	278.99213	5.99213	6.7
17/11/2000	277.7051	4.7051	6.6
18/11/2000	280.00467	7.00467	6.4
19/11/2000	279.16858	6.16858	6.5
20/11/2000	277.38956	4.38956	6.3
21/11/2000	276.57474	3.57474	5.8
22/11/2000	278.44308	5.44308	5.6
23/11/2000	278.60486	5.60486	5.8
24/11/2000	278.6604	5.6604	5.6
25/11/2000	279.96344	6.96344	5.6
26/11/2000	279.34924	6.34924	6
27/11/2000	279.61905	6.61905	6
28/11/2000	282.8354	9.8354	6.3
29/11/2000	284.33752	11.33752	7
30/11/2000	281.48578	8.48578	7.5
01/12/2000	283.53702	10.53702	7.5
02/12/2000	282.68427	9.68427	7.7
03/12/2000	281.33667	8.33667	7.8
04/12/2000	283.6185	10.6185	7.7
05/12/2000	283.88287	10.88287	8
06/12/2000	282.39493	9.39493	8.2
07/12/2000	281.79996	8.79996	8.2
08/12/2000	281.814	8.814	8.2
09/12/2000	281.50034	8.50034	8.1
10/12/2000	280.55127	7.55127	8
11/12/2000	280.72525	7.72525	7.8
12/12/2000	282.39508	9.39508	7.4
13/12/2000	279.8155	6.8155	7.6
14/12/2000	278.98654	5.98654	7.1
15/12/2000	274.76547	1.76547	6.5
16/12/2000	274.32214	1.32214	5.5
17/12/2000	274.40924	1.40924	5
18/12/2000	277.3702	4.3702	4.6
19/12/2000	278.48242	5.48242	4.5
20/12/2000	281.50916	8.50916	4.7
21/12/2000	279.3041	6.3041	5.8
22/12/2000	278.15314	5.15314	6.2
23/12/2000	277.46945	4.46945	6.3
24/12/2000	276.0118	3.0118	6
25/12/2000	273.62775	0.62775	5.3
26/12/2000	271.24808	-1.75192	4.4
27/12/2000	270.1974	-2.8026	3.6
28/12/2000	272.18683	-0.81317	3.3
29/12/2000	270.71448	-2.28552	3
30/12/2000	271.94708	-1.05292	2.9
31/12/2000	275.21506	2.21506	2.7
