0.000000000000000000e+00 -2.000000000000000000e+02
8.640000000000000000e+04 -1.999630104889433824e+02
1.728000000000000000e+05 -1.998520529015649458e+02
2.592000000000000000e+05 -1.996671600719999446e+02
3.456000000000000000e+05 -1.994083867130112822e+02
4.320000000000000000e+05 -1.990758093997991125e+02
5.184000000000000000e+05 -1.986695265473411496e+02
6.048000000000000000e+05 -1.981896583812698225e+02
6.912000000000000000e+05 -1.976363469022958270e+02
7.776000000000000000e+05 -1.970097558441877368e+02
8.640000000000000000e+05 -1.963100706253205203e+02
9.504000000000000000e+05 -1.955374982938072890e+02
1.036800000000000000e+06 -1.946922674662304189e+02
1.123200000000000000e+06 -1.937746282599902372e+02
1.209600000000000000e+06 -1.927848522192913379e+02
1.296000000000000000e+06 -1.917232322347880427e+02
1.382400000000000000e+06 -1.905900824569136205e+02
1.468800000000000000e+06 -1.893857382029179632e+02
1.555200000000000000e+06 -1.881105558576419128e+02
1.641600000000000000e+06 -1.867649127680570871e+02
1.728000000000000000e+06 -1.853492071316030376e+02
1.814400000000000000e+06 -1.838638578783541107e+02
1.900800000000000000e+06 -1.823093045470512834e+02
1.987200000000000000e+06 -1.806860071550356679e+02
2.073600000000000000e+06 -1.789944460621219093e+02
2.160000000000000000e+06 -1.772351218284520087e+02
2.246400000000000000e+06 -1.754085550663714912e+02
2.332800000000000000e+06 -1.735152862863719179e+02
2.419200000000000000e+06 -1.715558757371449872e+02
2.505600000000000000e+06 -1.695309032397962028e+02
2.592000000000000000e+06 -1.674409680162661402e+02
2.678400000000000000e+06 -1.652866885120112954e+02
2.764800000000000000e+06 -1.630687022129959587e+02
2.851200000000000000e+06 -1.607876654570499966e+02
2.937600000000000000e+06 -1.584442532396478782e+02
3.024000000000000000e+06 -1.560391590141665858e+02
3.110400000000000000e+06 -1.535730944866816685e+02
3.196800000000000000e+06 -1.510467894053620057e+02
3.283200000000000000e+06 -1.484609913445254676e+02
3.369600000000000000e+06 -1.458164654834197620e+02
3.456000000000000000e+06 -1.431139943797935530e+02
3.542400000000000000e+06 -1.403543777383248994e+02
3.628800000000000000e+06 -1.375384321739760765e+02
3.715200000000000000e+06 -1.346669909703437042e+02
3.801600000000000000e+06 -1.317409038330769988e+02
3.888000000000000000e+06 -1.287610366384360816e+02
3.974400000000000000e+06 -1.257282711770653805e+02
4.060800000000000000e+06 -1.226435048930573544e+02
4.147200000000000000e+06 -1.195076506183845311e+02
4.233600000000000000e+06 -1.163216363027778755e+02
4.320000000000000000e+06 -1.130864047391314386e+02
4.406400000000000000e+06 -1.098029132845146876e+02
4.492800000000000000e+06 -1.064721335768754500e+02
4.579200000000000000e+06 -1.030950512475162384e+02
4.665600000000000000e+06 -9.967266562943032682e+01
4.752000000000000000e+06 -9.620598946158307285e+01
4.838400000000000000e+06 -9.269604858922591006e+01
4.924800000000000000e+06 -8.914388166033256766e+01
5.011200000000000000e+06 -8.555053981824610787e+01
5.097600000000000000e+06 -8.191708639062898101e+01
5.184000000000000000e+06 -7.824459657480699093e+01
5.270400000000000000e+06 -7.453415711960141721e+01
5.356800000000000000e+06 -7.078686600374217619e+01
5.443200000000000000e+06 -6.700383211095862634e+01
5.529600000000000000e+06 -6.318617490184276164e+01
5.616000000000000000e+06 -5.933502408258301841e+01
5.702400000000000000e+06 -5.545151927066584108e+01
5.788800000000000000e+06 -5.153680965764472433e+01
5.875200000000000000e+06 -4.759205366907565349e+01
5.961600000000000000e+06 -4.361841862172080653e+01
6.048000000000000000e+06 -3.961708037812022098e+01
6.134400000000000000e+06 -3.558922299863554883e+01
6.220800000000000000e+06 -3.153603839106740736e+01
6.307200000000000000e+06 -2.745872595795063376e+01
6.393600000000000000e+06 -2.335849224163182214e+01
6.480000000000000000e+06 -1.923655056723411860e+01
6.566400000000000000e+06 -1.509412068361447723e+01
6.652800000000000000e+06 -1.093242840242101721e+01
6.739200000000000000e+06 -6.752705235354618196e+00
6.825600000000000000e+06 -2.556188029745946722e+00
6.912000000000000000e+06 1.655881397448588643e+00
6.998400000000000000e+06 5.882256627119588188e+00
7.084800000000000000e+06 1.012168700684097189e+01
7.171200000000000000e+06 1.437291802095727888e+01
7.257600000000000000e+06 1.863469166181576853e+01
7.344000000000000000e+06 2.290574680203097913e+01
7.430400000000000000e+06 2.718481956767197616e+01
7.516800000000000000e+06 3.147064371226396418e+01
7.603200000000000000e+06 3.576195099149006040e+01
7.689600000000000000e+06 4.005747153848606956e+01
7.776000000000000000e+06 4.435593423961363158e+01
7.862400000000000000e+06 4.865606711060402745e+01
7.948800000000000000e+06 5.295659767295814646e+01
8.035200000000000000e+06 5.725625333049380572e+01
8.121600000000000000e+06 6.155376174592703364e+01
8.208000000000000000e+06 6.584785121737765223e+01
8.294400000000000000e+06 7.013725105468547838e+01
8.380800000000000000e+06 7.442069195542904936e+01
8.467200000000000000e+06 7.869690638053180010e+01
8.553600000000000000e+06 8.296462892934779632e+01
8.640000000000000000e+06 8.722259671411364934e+01
8.726400000000000000e+06 9.146954973365780006e+01
8.812800000000000000e+06 9.570423124625503419e+01
8.899200000000000000e+06 9.992538814151595261e+01
8.985600000000000000e+06 1.041317713112035932e+02
9.072000000000000000e+06 1.083221360188637448e+02
9.158400000000000000e+06 1.124952422681630253e+02
9.244800000000000000e+06 1.166498551698233257e+02
9.331200000000000000e+06 1.207847453070459380e+02
9.417600000000000000e+06 1.248986890993151064e+02
9.504000000000000000e+06 1.289904691644756838e+02
9.590400000000000000e+06 1.330588746789760819e+02
9.676800000000000000e+06 1.371027017361702747e+02
9.763200000000000000e+06 1.411207537025728129e+02
9.849600000000000000e+06 1.451118415719629695e+02
9.936000000000000000e+06 1.490747843172295006e+02
1.002240000000000000e+07 1.530084092398565758e+02
1.010880000000000000e+07 1.569115523169435562e+02
1.019520000000000000e+07 1.607830585456586334e+02
1.028160000000000000e+07 1.646217822850219932e+02
1.036800000000000000e+07 1.684265875949200222e+02
1.045440000000000000e+07 1.721963485722480698e+02
1.054080000000000000e+07 1.759299496840833967e+02
1.062720000000000000e+07 1.796262860977892615e+02
1.071360000000000000e+07 1.832842640079522596e+02
1.080000000000000000e+07 1.869028009600577889e+02
1.088640000000000000e+07 1.904808261708048747e+02
1.097280000000000000e+07 1.940172808449689512e+02
1.105920000000000000e+07 1.975111184887156810e+02
1.114560000000000000e+07 2.009613052192759426e+02
1.123200000000000000e+07 2.043668200708879112e+02
1.131840000000000000e+07 2.077266552969175848e+02
1.140480000000000000e+07 2.110398166680671181e+02
1.149120000000000000e+07 2.143053237665829727e+02
1.157760000000000000e+07 2.175222102763778196e+02
1.166400000000000000e+07 2.206895242689786869e+02
1.175040000000000000e+07 2.238063284852180459e+02
1.183680000000000000e+07 2.268717006125837088e+02
1.192320000000000000e+07 2.298847335581459106e+02
1.200960000000000000e+07 2.328445357169813406e+02
1.209600000000000000e+07 2.357502312360123256e+02
1.218240000000000000e+07 2.386009602731868711e+02
1.226880000000000000e+07 2.413958792519186716e+02
1.235520000000000000e+07 2.441341611107163772e+02
1.244160000000000000e+07 2.468149955479230471e+02
1.252800000000000000e+07 2.494375892614983456e+02
1.261440000000000000e+07 2.520011661837688450e+02
1.270080000000000000e+07 2.545049677110793027e+02
1.278720000000000000e+07 2.569482529282755650e+02
1.287360000000000000e+07 2.593302988279530155e+02
1.296000000000000000e+07 2.616504005244066775e+02
1.304640000000000000e+07 2.639078714622176562e+02
1.313280000000000000e+07 2.661020436194162357e+02
1.321920000000000000e+07 2.682322677051602113e+02
1.330560000000000000e+07 2.702979133518706476e+02
1.339200000000000000e+07 2.722983693017678206e+02
1.347840000000000000e+07 2.742330435877515811e+02
1.356480000000000000e+07 2.761013637085750361e+02
1.365120000000000000e+07 2.779027767982558998e+02
1.373760000000000000e+07 2.796367497896791292e+02
1.382400000000000000e+07 2.813027695723395141e+02
1.391040000000000000e+07 2.829003431441797147e+02
1.399680000000000000e+07 2.844289977574773047e+02
1.408320000000000000e+07 2.858882810587385848e+02
1.416960000000000000e+07 2.872777612225571602e+02
1.425600000000000000e+07 2.885970270793977193e+02
1.434240000000000000e+07 2.898456882372685754e+02
1.442880000000000000e+07 2.910233751972438654e+02
1.451520000000000000e+07 2.921297394628050483e+02
1.460160000000000000e+07 2.931644536429663503e+02
1.468800000000000000e+07 2.941272115491547652e+02
1.477440000000000000e+07 2.950177282858167018e+02
1.486080000000000000e+07 2.958357403347225159e+02
1.494720000000000000e+07 2.965810056329466988e+02
1.503360000000000000e+07 2.972533036444971231e+02
1.512000000000000000e+07 2.978524354255760045e+02
1.520640000000000000e+07 2.983782236834501873e+02
1.529280000000000000e+07 2.988305128289150616e+02
1.537920000000000000e+07 2.992091690223359137e+02
1.546560000000000000e+07 2.995140802132530098e+02
1.555200000000000000e+07 2.997451561735394989e+02
1.563840000000000000e+07 2.999023285241009944e+02
1.572480000000000000e+07 2.999855507551103528e+02
1.581120000000000000e+07 2.999947982397706028e+02
1.589760000000000000e+07 2.999300682416020436e+02
1.598400000000000000e+07 2.997913799152527190e+02
1.607040000000000000e+07 2.995787743008295934e+02
1.615680000000000000e+07 2.992923143117544669e+02
1.624320000000000000e+07 2.989320847161468464e+02
1.632960000000000000e+07 2.984981921117395132e+02
1.641600000000000000e+07 2.979907648943349159e+02
1.650240000000000000e+07 2.974099532198102906e+02
1.658880000000000000e+07 2.967559289596845247e+02
1.667520000000000000e+07 2.960288856502585304e+02
1.676160000000000000e+07 2.952290384353443642e+02
1.684800000000000000e+07 2.943566240026013929e+02
1.693440000000000000e+07 2.934119005134959934e+02
1.702080000000000000e+07 2.923951475269076354e+02
1.710720000000000000e+07 2.913066659164032899e+02
1.719360000000000000e+07 2.901467777812032409e+02
1.728000000000000000e+07 2.889158263508676328e+02
1.736640000000000000e+07 2.876141758837287057e+02
1.745280000000000000e+07 2.862422115591014631e+02
1.753920000000000000e+07 2.848003393633020437e+02
1.762560000000000000e+07 2.832889859695107475e+02
1.771200000000000000e+07 2.817085986115123433e+02
1.779840000000000000e+07 2.800596449513518564e+02
1.788480000000000000e+07 2.783426129409464238e+02
1.797120000000000000e+07 2.765580106776924367e+02
1.805760000000000000e+07 2.747063662541110034e+02
1.814400000000000000e+07 2.727882276015772050e+02
1.823040000000000000e+07 2.708041623281781654e+02
1.831680000000000000e+07 2.687547575507488773e+02
1.840320000000000000e+07 2.666406197211347262e+02
1.848960000000000000e+07 2.644623744467326105e+02
1.857600000000000000e+07 2.622206663053638067e+02
1.866240000000000000e+07 2.599161586545330920e+02
1.874880000000000000e+07 2.575495334351303427e+02
1.883520000000000000e+07 2.551214909696331006e+02
1.892160000000000000e+07 2.526327497548705878e+02
1.900800000000000000e+07 2.500840462494081464e+02
1.909440000000000000e+07 2.474761346556177273e+02
1.918080000000000000e+07 2.448097866964971558e+02
1.926720000000000000e+07 2.420857913873050506e+02
1.935360000000000000e+07 2.393049548020781288e+02
1.944000000000000000e+07 2.364680998351015830e+02
1.952640000000000000e+07 2.335760659574005160e+02
1.961280000000000000e+07 2.306297089683277477e+02
1.969920000000000000e+07 2.276299007423185401e+02
1.978560000000000000e+07 2.245775289708895173e+02
1.987200000000000000e+07 2.214734968999556770e+02
1.995840000000000000e+07 2.183187230625457573e+02
2.004480000000000000e+07 2.151141410069938331e+02
2.013120000000000000e+07 2.118606990206868659e+02
2.021760000000000000e+07 2.085593598494515106e+02
2.030400000000000000e+07 2.052111004126615512e+02
2.039040000000000000e+07 2.018169115141533894e+02
2.047680000000000000e+07 1.983777975490287417e+02
2.056320000000000000e+07 1.948947762064401275e+02
2.064960000000000000e+07 1.913688781684394087e+02
2.073600000000000000e+07 1.878011468049819257e+02
2.082240000000000000e+07 1.841926378651777725e+02
2.090880000000000000e+07 1.805444191648771834e+02
2.099520000000000000e+07 1.768575702706877451e+02
2.108160000000000000e+07 1.731331821805137849e+02
2.116800000000000000e+07 1.693723570007095987e+02
2.125440000000000000e+07 1.655762076199526973e+02
2.134080000000000000e+07 1.617458573799185331e+02
2.142720000000000000e+07 1.578824397428678594e+02
2.151360000000000000e+07 1.539870979562355160e+02
2.160000000000000000e+07 1.500609847143263949e+02
2.168640000000000000e+07 1.461052618172140569e+02
2.177280000000000000e+07 1.421210998269448282e+02
2.185920000000000000e+07 1.381096777211508311e+02
2.194560000000000000e+07 1.340721825441707153e+02
2.203200000000000000e+07 1.300098090557846433e+02
2.211840000000000000e+07 1.259237593776647088e+02
2.220480000000000000e+07 1.218152426376490922e+02
2.229120000000000000e+07 1.176854746119408475e+02
2.237760000000000000e+07 1.135356773653405469e+02
2.246400000000000000e+07 1.093670788896168915e+02
2.255040000000000000e+07 1.051809127401253363e+02
2.263680000000000000e+07 1.009784176707786827e+02
2.272320000000000000e+07 9.676083726747913261e+01
2.280960000000000000e+07 9.252941958012263513e+01
2.289600000000000000e+07 8.828541675328001759e+01
2.298240000000000000e+07 8.403008465566676932e+01
2.306880000000000000e+07 7.976468250851269204e+01
2.315520000000000000e+07 7.549047251293643512e+01
2.324160000000000000e+07 7.120871947644134536e+01
2.332800000000000000e+07 6.692069043863790512e+01
2.341440000000000000e+07 6.262765429630550074e+01
2.350080000000000000e+07 5.833088142790783337e+01
2.358720000000000000e+07 5.403164331766443951e+01
2.367360000000000000e+07 4.973121217930044224e+01
2.376000000000000000e+07 4.543086057957697221e+01
2.384640000000000000e+07 4.113186106171882983e+01
2.393280000000000000e+07 3.683548576884672343e+01
2.401920000000000000e+07 3.254300606753227498e+01
2.410560000000000000e+07 2.825569217157847746e+01
2.419200000000000000e+07 2.397481276614360013e+01
2.427840000000000000e+07 1.970163463231578049e+01
2.436480000000000000e+07 1.543742227225430241e+01
2.445120000000000000e+07 1.118343753500131754e+01
2.453760000000000000e+07 6.940939243079718324e+00
2.462400000000000000e+07 2.711182819989765846e+00
2.471040000000000000e+07 -1.504580081292708371e+00
2.479680000000000000e+07 -5.705101948699898173e+00
2.488320000000000000e+07 -9.889139780231765542e+00
2.496960000000000000e+07 -1.405545545177928091e+01
2.505600000000000000e+07 -1.820281608350499880e+01
2.514240000000000000e+07 -2.232999440467381191e+01
2.522880000000000000e+07 -2.643576911682077935e+01
2.531520000000000000e+07 -3.051892525515259535e+01
2.540160000000000000e+07 -3.457825454807667143e+01
2.548800000000000000e+07 -3.861255577474672407e+01
2.557440000000000000e+07 -4.262063512052407077e+01
2.566080000000000000e+07 -4.660130653024653213e+01
2.574720000000000000e+07 -5.055339205920071777e+01
2.583360000000000000e+07 -5.447572222169667100e+01
2.592000000000000000e+07 -5.836713633713407035e+01
2.600640000000000000e+07 -6.222648287346994778e+01
2.609280000000000000e+07 -6.605261978797307165e+01
2.617920000000000000e+07 -6.984441486517381747e+01
2.626560000000000000e+07 -7.360074605190472141e+01
2.635200000000000000e+07 -7.732050178933390328e+01
2.643840000000000000e+07 -8.100258134189371617e+01
2.652480000000000000e+07 -8.464589512300580054e+01
2.661120000000000000e+07 -8.824936501750661932e+01
2.669760000000000000e+07 -9.181192470068071998e+01
2.678400000000000000e+07 -9.533251995380126687e+01
2.687040000000000000e+07 -9.881010897609183985e+01
2.695680000000000000e+07 -1.022436626930121406e+02
2.704320000000000000e+07 -1.056321650607766003e+02
2.712960000000000000e+07 -1.089746133670186339e+02
2.721600000000000000e+07 -1.122700185275097624e+02
2.730240000000000000e+07 -1.155174053788452113e+02
2.738880000000000000e+07 -1.187158129670102369e+02
2.747520000000000000e+07 -1.218642948317416028e+02
2.756160000000000000e+07 -1.249619192866015851e+02
2.764800000000000000e+07 -1.280077696946784158e+02
2.773440000000000000e+07 -1.310009447398325051e+02
2.782080000000000000e+07 -1.339405586934131520e+02
2.790720000000000000e+07 -1.368257416763574099e+02
2.799360000000000000e+07 -1.396556399166024960e+02
2.808000000000000000e+07 -1.424294160017304023e+02
2.816640000000000000e+07 -1.451462491267716359e+02
2.825280000000000000e+07 -1.478053353370951868e+02
2.833920000000000000e+07 -1.504058877663107694e+02
2.842560000000000000e+07 -1.529471368691151838e+02
2.851200000000000000e+07 -1.554283306490148675e+02
2.859840000000000000e+07 -1.578487348808514525e+02
2.868480000000000000e+07 -1.602076333280721769e+02
2.877120000000000000e+07 -1.625043279546754320e+02
2.885760000000000000e+07 -1.647381391317711063e+02
2.894400000000000000e+07 -1.669084058386932554e+02
2.903040000000000000e+07 -1.690144858586068040e+02
2.911680000000000000e+07 -1.710557559685508977e+02
2.920320000000000000e+07 -1.730316121238586220e+02
2.928960000000000000e+07 -1.749414696369052251e+02
2.937600000000000000e+07 -1.767847633501260987e+02
2.946240000000000000e+07 -1.785609478032556581e+02
2.954880000000000000e+07 -1.802694973947382380e+02
2.963520000000000000e+07 -1.819099065372616906e+02
2.972160000000000000e+07 -1.834816898073689799e+02
2.980800000000000000e+07 -1.849843820891033204e+02
2.989440000000000000e+07 -1.864175387116422087e+02
2.998080000000000000e+07 -1.877807355808838281e+02
3.006720000000000000e+07 -1.890735693049430495e+02
3.015360000000000000e+07 -1.902956573135209908e+02
3.024000000000000000e+07 -1.914466379711143986e+02
3.032640000000000000e+07 -1.925261706840293243e+02
3.041280000000000000e+07 -1.935339360011680014e+02
3.049920000000000000e+07 -1.944696357085596503e+02
3.058560000000000000e+07 -1.953329929176068447e+02
3.067200000000000000e+07 -1.961237521470214631e+02
3.075840000000000000e+07 -1.968416793984254127e+02
3.084480000000000000e+07 -1.974865622255945254e+02
3.093120000000000000e+07 -1.980582097973252189e+02
3.101760000000000000e+07 -1.985564529539040279e+02
3.110400000000000000e+07 -1.989811442571649707e+02
3.119040000000000000e+07 -1.993321580341187769e+02
3.127680000000000000e+07 -1.996093904141416431e+02
3.136320000000000000e+07 -1.998127593597120040e+02
3.144960000000000000e+07 -1.999422046906870207e+02
3.153600000000000000e+07 -1.999976881021106578e+02
3.162240000000000000e+07 -1.999791931755488008e+02
3.170880000000000000e+07 -1.998867253839478622e+02
3.179520000000000000e+07 -1.997203120900149429e+02
3.188160000000000000e+07 -1.994800025381210844e+02
3.196800000000000000e+07 -1.991658678397289464e+02
3.205440000000000000e+07 -1.987780009523496574e+02
3.214080000000000000e+07 -1.983165166520354319e+02
3.222720000000000000e+07 -1.977815514994152863e+02
3.231360000000000000e+07 -1.971732637992846264e+02
3.240000000000000000e+07 -1.964918335537603014e+02
3.248640000000000000e+07 -1.957374624090151940e+02
3.257280000000000000e+07 -1.949103735956075809e+02
3.265920000000000000e+07 -1.940108118624240774e+02
3.274560000000000000e+07 -1.930390434042539596e+02
3.283200000000000000e+07 -1.919953557830182831e+02
3.291840000000000000e+07 -1.908800578426756545e+02
3.300480000000000000e+07 -1.896934796178298654e+02
3.309120000000000000e+07 -1.884359722360677551e+02
3.317760000000000000e+07 -1.871079078140550962e+02
3.326400000000000000e+07 -1.857096793474209449e+02
3.335040000000000000e+07 -1.842417005944637367e+02
3.343680000000000000e+07 -1.827044059537141152e+02
3.352320000000000000e+07 -1.810982503353887410e+02
3.360960000000000000e+07 -1.794237090267760664e+02
3.369600000000000000e+07 -1.776812775515897158e+02
3.378240000000000000e+07 -1.758714715233361403e+02
3.386880000000000000e+07 -1.739948264927363653e+02
3.395520000000000000e+07 -1.720518977892472776e+02
3.404160000000000000e+07 -1.700432603567305989e+02
3.412800000000000000e+07 -1.679695085833188557e+02
3.421440000000000000e+07 -1.658312561255251865e+02
3.430080000000000000e+07 -1.636291357266528905e+02
3.438720000000000000e+07 -1.613637990295569011e+02
3.447360000000000000e+07 -1.590359163838114114e+02
3.456000000000000000e+07 -1.566461766473435659e+02
3.464640000000000000e+07 -1.541952869825883283e+02
3.473280000000000000e+07 -1.516839726472285577e+02
3.481920000000000000e+07 -1.491129767795796113e+02
3.490560000000000000e+07 -1.464830601786819955e+02
3.499200000000000000e+07 -1.437950010791685997e+02
3.507840000000000000e+07 -1.410495949209744424e+02
3.516480000000000000e+07 -1.382476541139505457e+02
3.525120000000000000e+07 -1.353900077974606972e+02
3.533760000000000000e+07 -1.324775015950254726e+02
3.542400000000000000e+07 -1.295109973640874159e+02
3.551040000000000000e+07 -1.264913729409752250e+02
3.559680000000000000e+07 -1.234195218811364896e+02
3.568320000000000000e+07 -1.202963531947214619e+02
3.576960000000000000e+07 -1.171227910775911312e+02
3.585600000000000000e+07 -1.138997746378339286e+02
3.594240000000000000e+07 -1.106282576178672343e+02
3.602880000000000000e+07 -1.073092081122113939e+02
3.611520000000000000e+07 -1.039436082810135531e+02
3.620160000000000000e+07 -1.005324540594106679e+02
3.628800000000000000e+07 -9.707675486281749500e+01
3.637440000000000000e+07 -9.357753328822295202e+01
3.646080000000000000e+07 -9.003582481158770179e+01
3.654720000000000000e+07 -8.645267748143106701e+01
3.663360000000000000e+07 -8.282915160869538340e+01
3.672000000000000000e+07 -7.916631945298294681e+01
3.680640000000000000e+07 -7.546526490525833708e+01
3.689280000000000000e+07 -7.172708316710601650e+01
3.697920000000000000e+07 -6.795288042664431316e+01
3.706560000000000000e+07 -6.414377353118480585e+01
3.715200000000000000e+07 -6.030088965674048040e+01
3.723840000000000000e+07 -5.642536597447644908e+01
3.732480000000000000e+07 -5.251834931420088992e+01
3.741120000000000000e+07 -4.858099582500140912e+01
3.749760000000000000e+07 -4.461447063312240857e+01
3.758400000000000000e+07 -4.061994749718199671e+01
3.767040000000000000e+07 -3.659860846084218622e+01
3.775680000000000000e+07 -3.255164350302160869e+01
3.784320000000000000e+07 -2.848025018576002765e+01
3.792960000000000000e+07 -2.438563329984289396e+01
3.801600000000000000e+07 -2.026900450828235023e+01
3.810240000000000000e+07 -1.613158198776804397e+01
3.818880000000000000e+07 -1.197459006818932892e+01
3.827520000000000000e+07 -7.799258870333957816e+00
3.836160000000000000e+07 -3.606823941877756567e+00
3.844800000000000000e+07 6.014741082334964517e-01
3.853440000000000000e+07 4.824389976901755972e+00
3.862080000000000000e+07 9.060674035381971692e+00
3.870720000000000000e+07 1.330907269906531809e+01
3.879360000000000000e+07 1.756832879843660322e+01
3.888000000000000000e+07 2.183718195109272742e+01
3.896640000000000000e+07 2.611436893470547815e+01
3.905280000000000000e+07 3.039862406083308599e+01
3.913920000000000000e+07 3.468867954945712029e+01
3.922560000000000000e+07 3.898326590413771697e+01
3.931200000000000000e+07 4.328111228767992458e+01
3.939840000000000000e+07 4.758094689819250078e+01
3.948480000000000000e+07 5.188149734543627289e+01
3.957120000000000000e+07 5.618149102734582101e+01
3.965760000000000000e+07 6.047965550660929779e+01
3.974400000000000000e+07 6.477471888720715754e+01
3.983040000000000000e+07 6.906541019078413512e+01
3.991680000000000000e+07 7.335045973275225606e+01
4.000320000000000000e+07 7.762859949801291748e+01
4.008960000000000000e+07 8.189856351618047370e+01
4.017600000000000000e+07 8.615908823620505075e+01
4.026240000000000000e+07 9.040891290027695959e+01
4.034880000000000000e+07 9.464677991690456338e+01
4.043520000000000000e+07 9.887143523305714155e+01
4.052160000000000000e+07 1.030816287052589075e+02
4.060800000000000000e+07 1.072761144695254814e+02
4.069440000000000000e+07 1.114536513100360366e+02
4.078080000000000000e+07 1.156130030264297801e+02
4.086720000000000000e+07 1.197529387996162740e+02
4.095360000000000000e+07 1.238722335559955354e+02
4.104000000000000000e+07 1.279696683299756046e+02
4.112640000000000000e+07 1.320440306246850923e+02
4.121280000000000000e+07 1.360941147707711707e+02
4.129920000000000000e+07 1.401187222831754866e+02
4.138560000000000000e+07 1.441166622157853681e+02
4.147200000000000000e+07 1.480867515138545514e+02
4.155840000000000000e+07 1.520278153640862797e+02
4.164480000000000000e+07 1.559386875422820538e+02
4.173120000000000000e+07 1.598182107584448772e+02
4.181760000000000000e+07 1.636652369992387719e+02
4.190400000000000000e+07 1.674786278677071891e+02
4.199040000000000000e+07 1.712572549201401273e+02
4.207680000000000000e+07 1.749999999999998010e+02
4.216320000000000000e+07 1.787057555688032267e+02
4.224960000000000000e+07 1.823734250338577567e+02
4.233600000000000000e+07 1.860019230727611159e+02
4.242240000000000000e+07 1.895901759545663481e+02
4.250880000000000000e+07 1.931371218575166608e+02
4.259520000000000000e+07 1.966417111832544720e+02
4.268160000000000000e+07 2.001029068674152711e+02
4.276800000000000000e+07 2.035196846865100326e+02
4.285440000000000000e+07 2.068910335610118523e+02
4.294080000000000000e+07 2.102159558545493496e+02
4.302720000000000000e+07 2.134934676691221966e+02
4.311360000000000000e+07 2.167225991362548712e+02
4.320000000000000000e+07 2.199023947039947018e+02
4.328640000000000000e+07 2.230319134196749360e+02
4.337280000000000000e+07 2.261102292083579073e+02
4.345920000000000000e+07 2.291364311468775554e+02
4.354560000000000000e+07 2.321096237333925387e+02
4.363200000000000000e+07 2.350289271523829484e+02
4.371840000000000000e+07 2.378934775349995334e+02
4.380480000000000000e+07 2.407024272146981048e+02
4.389120000000000000e+07 2.434549449780771226e+02
4.397760000000000000e+07 2.461502163108460195e+02
4.406400000000000000e+07 2.487874436388550521e+02
4.415040000000000000e+07 2.513658465641092050e+02
4.423680000000000000e+07 2.538846620956997810e+02
4.432320000000000000e+07 2.563431448755874271e+02
4.440960000000000000e+07 2.587405673991647177e+02
4.449600000000000000e+07 2.610762202305355117e+02
4.458240000000000000e+07 2.633494122124504884e+02
4.466880000000000000e+07 2.655594706708296258e+02
4.475520000000000000e+07 2.677057416138188159e+02
4.484160000000000000e+07 2.697875899253158991e+02
4.492800000000000000e+07 2.718043995529120593e+02
4.501440000000000000e+07 2.737555736901905448e+02
4.510080000000000000e+07 2.756405349533333720e+02
4.518720000000000000e+07 2.774587255519761584e+02
4.527360000000000000e+07 2.792096074542691326e+02
4.536000000000000000e+07 2.808926625460883315e+02
4.544640000000000000e+07 2.825073927843546926e+02
4.553280000000000000e+07 2.840533203444116452e+02
4.561920000000000000e+07 2.855299877614230581e+02
4.570560000000000000e+07 2.869369580657425445e+02
4.579200000000000000e+07 2.882738149122213258e+02
4.587840000000000000e+07 2.895401627034106014e+02
4.596480000000000000e+07 2.907356267066252258e+02
4.605120000000000000e+07 2.918598531648335666e+02
4.613760000000000000e+07 2.929125094013395483e+02
4.622400000000000000e+07 2.938932839182271550e+02
4.631040000000000000e+07 2.948018864885378321e+02
4.639680000000000000e+07 2.956380482421529905e+02
4.648320000000000000e+07 2.964015217453569448e+02
4.656960000000000000e+07 2.970920810740572620e+02
4.665600000000000000e+07 2.977095218806383059e+02
4.674240000000000000e+07 2.982536614544320059e+02
4.682880000000000000e+07 2.987243387757839628e+02
4.691520000000000000e+07 2.991214145637023307e+02
4.700160000000000000e+07 2.994447713170731049e+02
4.708800000000000000e+07 2.996943133494307290e+02
4.717440000000000000e+07 2.998699668172730526e+02
4.726080000000000000e+07 2.999716797419129080e+02
4.734720000000000000e+07 2.999994220248595411e+02
4.743360000000000000e+07 2.999531854567251230e+02
4.752000000000000000e+07 2.998329837196538961e+02
4.760640000000000000e+07 2.996388523832738429e+02
4.769280000000000000e+07 2.993708488941707628e+02
4.777920000000000000e+07 2.990290525588885657e+02
4.786560000000000000e+07 2.986135645204620914e+02
4.795200000000000000e+07 2.981245077284863214e+02
4.803840000000000000e+07 2.975620269027342601e+02
4.812480000000000000e+07 2.969262884903316717e+02
4.821120000000000000e+07 2.962174806165027690e+02
4.829760000000000000e+07 2.954358130289011228e+02
4.838400000000000000e+07 2.945815170355417649e+02
4.847040000000000000e+07 2.936548454363531846e+02
4.855680000000000000e+07 2.926560724483705371e+02
4.864320000000000000e+07 2.915854936245897306e+02
4.872960000000000000e+07 2.904434257665083123e+02
4.881600000000000000e+07 2.892302068303801548e+02
4.890240000000000000e+07 2.879461958272067932e+02
4.898880000000000000e+07 2.865917727165019642e+02
4.907520000000000000e+07 2.851673382938547547e+02
4.916160000000000000e+07 2.836733140723276847e+02
4.924800000000000000e+07 2.821101421577245674e+02
4.933440000000000000e+07 2.804782851177639031e+02
4.942080000000000000e+07 2.787782258451976531e+02
4.950720000000000000e+07 2.770104674149160928e+02
4.959360000000000000e+07 2.751755329350796160e+02
4.968000000000000000e+07 2.732739653923214860e+02
4.976640000000000000e+07 2.713063274910708742e+02
4.985280000000000000e+07 2.692732014870394437e+02
4.993920000000000000e+07 2.671751890149209885e+02
5.002560000000000000e+07 2.650129109103608016e+02
5.011200000000000000e+07 2.627870070262367221e+02
5.019840000000000000e+07 2.604981360433200734e+02
5.028480000000000000e+07 2.581469752753588409e+02
5.037120000000000000e+07 2.557342204686505625e+02
5.045760000000000000e+07 2.532605855961605243e+02
5.054400000000000000e+07 2.507268026462442378e+02
5.063040000000000000e+07 2.481336214060412146e+02
5.071680000000000000e+07 2.454818092396004090e+02
5.080320000000000000e+07 2.427721508608059651e+02
5.088960000000000000e+07 2.400054481011661665e+02
5.097600000000000000e+07 2.371825196725392004e+02
5.106240000000000000e+07 2.343042009248642898e+02
5.114880000000000000e+07 2.313713435989659502e+02
5.123520000000000000e+07 2.283848155745126292e+02
5.132160000000000000e+07 2.253455006131947869e+02
5.140800000000000000e+07 2.222542980972079647e+02
5.149440000000000000e+07 2.191121227631093689e+02
5.158080000000000000e+07 2.159199044311320677e+02
5.166720000000000000e+07 2.126785877300390268e+02
5.175360000000000000e+07 2.093891318175901688e+02
5.184000000000000000e+07 2.060525100967119840e+02
5.192640000000000000e+07 2.026697099274523168e+02
5.201280000000000000e+07 1.992417323348060734e+02
5.209920000000000000e+07 1.957695917124929679e+02
5.218560000000000000e+07 1.922543155227852765e+02
5.227200000000000000e+07 1.886969439924629341e+02
5.235840000000000000e+07 1.850985298049928076e+02
5.244480000000000000e+07 1.814601377890282095e+02
5.253120000000000000e+07 1.777828446033004468e+02
5.261760000000000000e+07 1.740677384180270337e+02
5.270400000000000000e+07 1.703159185928977877e+02
5.279040000000000000e+07 1.665284953517598865e+02
5.287680000000000000e+07 1.627065894540841668e+02
5.296320000000000000e+07 1.588513318633139306e+02
5.304960000000000000e+07 1.549638634121962468e+02
5.313600000000000000e+07 1.510453344651882617e+02
5.322240000000000000e+07 1.470969045780497595e+02
5.330880000000000000e+07 1.431197421547063868e+02
5.339520000000000000e+07 1.391150241015076858e+02
5.348160000000000000e+07 1.350839354789548850e+02
5.356800000000000000e+07 1.310276691510237015e+02
5.365440000000000000e+07 1.269474254321821718e+02
5.374080000000000000e+07 1.228444117321893572e+02
5.382720000000000000e+07 1.187198421988115342e+02
5.391360000000000000e+07 1.145749373585307183e+02
5.400000000000000000e+07 1.104109237553750802e+02
5.408640000000000000e+07 1.062290335879615100e+02
5.417280000000000000e+07 1.020305043448719573e+02
5.425920000000000000e+07 9.781657843845556499e+01
5.434560000000000000e+07 9.358850283718444985e+01
5.443200000000000000e+07 8.934752869665311437e+01
5.451840000000000000e+07 8.509491098933827402e+01
5.460480000000000000e+07 8.083190813324016233e+01
5.469120000000000000e+07 7.655978161948685567e+01
5.477760000000000000e+07 7.227979563904654015e+01
5.486400000000000000e+07 6.799321670863007228e+01
5.495040000000000000e+07 6.370131329590560654e+01
5.503680000000000000e+07 5.940535544414440494e+01
5.512320000000000000e+07 5.510661439638965220e+01
5.520960000000000000e+07 5.080636221927704099e+01
5.529600000000000000e+07 4.650587142661062501e+01
5.538240000000000000e+07 4.220641460280508994e+01
5.546880000000000000e+07 3.790926402630486791e+01
5.555520000000000000e+07 3.361569129310006332e+01
5.564160000000000000e+07 2.932696694044024710e+01
5.572800000000000000e+07 2.504436007085899263e+01
5.581440000000000000e+07 2.076913797663173256e+01
5.590080000000000000e+07 1.650256576475565851e+01
5.598720000000000000e+07 1.224590598259212015e+01
5.607360000000000000e+07 8.000418244253303612e+00
5.616000000000000000e+07 3.767358857863868593e+00
5.624640000000000000e+07 -4.520195461995015762e-01
5.633280000000000000e+07 -4.656468385984204872e+00
5.641920000000000000e+07 -8.844743497435480606e+00
5.650560000000000000e+07 -1.301560550256540694e+01
5.659200000000000000e+07 -1.716782017620307954e+01
5.667840000000000000e+07 -2.130015881122517385e+01
5.676480000000000000e+07 -2.541139858214447145e+01
5.685120000000000000e+07 -2.950032290697102155e+01
5.693760000000000000e+07 -3.356572180721261134e+01
5.702400000000000000e+07 -3.760639226592783757e+01
5.711040000000000000e+07 -4.162113858372067909e+01
5.719680000000000000e+07 -4.560877273256379283e+01
5.728320000000000000e+07 -4.956811470735812009e+01
5.736960000000000000e+07 -5.349799287511399370e+01
5.745600000000000000e+07 -5.739724432165513690e+01
5.754240000000000000e+07 -6.126471519574599256e+01
5.762880000000000000e+07 -6.509926105053330048e+01
5.771520000000000000e+07 -6.889974718220707928e+01
5.780160000000000000e+07 -7.266504896577629324e+01
5.788800000000000000e+07 -7.639405218786603768e+01
5.797440000000000000e+07 -8.008565337642824034e+01
5.806080000000000000e+07 -8.373876012727905049e+01
5.814720000000000000e+07 -8.735229142735960295e+01
5.823360000000000000e+07 -9.092517797462016915e+01
5.832000000000000000e+07 -9.445636249445033172e+01
5.840640000000000000e+07 -9.794480005253859645e+01
5.849280000000000000e+07 -1.013894583640883695e+02
5.857920000000000000e+07 -1.047893180992860209e+02
5.866560000000000000e+07 -1.081433731849378148e+02
5.875200000000000000e+07 -1.114506311021816032e+02
5.883840000000000000e+07 -1.147101131801913709e+02
5.892480000000000000e+07 -1.179208548857805567e+02
5.901120000000000000e+07 -1.210819061088215847e+02
5.909760000000000000e+07 -1.241923314434028214e+02
5.918400000000000000e+07 -1.272512104646241653e+02
5.927040000000000000e+07 -1.302576380009715820e+02
5.935680000000000000e+07 -1.332107244021676706e+02
5.944320000000000000e+07 -1.361095958024357344e+02
5.952960000000000000e+07 -1.389533943790910087e+02
5.961600000000000000e+07 -1.417412786063816554e+02
5.970240000000000000e+07 -1.444724235045118803e+02
5.978880000000000000e+07 -1.471460208837666812e+02
5.987520000000000000e+07 -1.497612795836677719e+02
5.996160000000000000e+07 -1.523174257070895692e+02
6.004800000000000000e+07 -1.548137028492707827e+02
6.013440000000000000e+07 -1.572493723216432500e+02
6.022080000000000000e+07 -1.596237133704234736e+02
6.030720000000000000e+07 -1.619360233898968886e+02
6.039360000000000000e+07 -1.641856181303257642e+02
6.048000000000000000e+07 -1.663718319004351258e+02
6.056640000000000000e+07 -1.684940177643970571e+02
6.065280000000000000e+07 -1.705515477332713772e+02
6.073920000000000000e+07 -1.725438129508386282e+02
6.082560000000000000e+07 -1.744702238737678783e+02
6.091200000000000000e+07 -1.763302104460744317e+02
6.099840000000000000e+07 -1.781232222678068524e+02
6.108480000000000000e+07 -1.798487287579206679e+02
6.117120000000000000e+07 -1.815062193112842408e+02
6.125760000000000000e+07 -1.830952034497771592e+02
6.134400000000000000e+07 -1.846152109674276005e+02
6.143040000000000000e+07 -1.860657920695571761e+02
6.151680000000000000e+07 -1.874465175058802515e+02
6.160320000000000000e+07 -1.887569786975257671e+02
6.168960000000000000e+07 -1.899967878579445539e+02
6.177600000000000000e+07 -1.911655781076590017e+02
6.186240000000000000e+07 -1.922630035828304926e+02
6.194880000000000000e+07 -1.932887395376047550e+02
6.203520000000000000e+07 -1.942424824402103809e+02
6.212160000000000000e+07 -1.951239500627782775e+02
6.220800000000000000e+07 -1.959328815648575812e+02
6.229440000000000000e+07 -1.966690375706021712e+02
6.238080000000000000e+07 -1.973322002396063226e+02
6.246720000000000000e+07 -1.979221733313673042e+02
6.255360000000000000e+07 -1.984387822633551082e+02
6.264000000000000000e+07 -1.988818741626755866e+02
6.272640000000000000e+07 -1.992513179113070692e+02
6.281280000000000000e+07 -1.995470041849004588e+02
6.289920000000000000e+07 -1.997688454851302993e+02
6.298560000000000000e+07 -1.999167761655867537e+02
6.307200000000000000e+07 -1.999907524512015300e+02
6.315840000000000000e+07 -1.999907524512015300e+02
6.324480000000000000e+07 -1.999167761655867821e+02
6.333120000000000000e+07 -1.997688454851303277e+02
6.341760000000000000e+07 -1.995470041849004588e+02
6.350400000000000000e+07 -1.992513179113070692e+02
6.359040000000000000e+07 -1.988818741626756434e+02
6.367680000000000000e+07 -1.984387822633550797e+02
6.376320000000000000e+07 -1.979221733313672189e+02
6.384960000000000000e+07 -1.973322002396063510e+02
6.393600000000000000e+07 -1.966690375706021428e+02
6.402240000000000000e+07 -1.959328815648576096e+02
6.410880000000000000e+07 -1.951239500627783343e+02
6.419520000000000000e+07 -1.942424824402104377e+02
6.428160000000000000e+07 -1.932887395376048119e+02
6.436800000000000000e+07 -1.922630035828305495e+02
6.445440000000000000e+07 -1.911655781076590870e+02
6.454080000000000000e+07 -1.899967878579446108e+02
6.462720000000000000e+07 -1.887569786975259944e+02
6.471360000000000000e+07 -1.874465175058803084e+02
6.480000000000000000e+07 -1.860657920695573750e+02
6.488640000000000000e+07 -1.846152109674276858e+02
6.497280000000000000e+07 -1.830952034497772445e+02
6.505920000000000000e+07 -1.815062193112843545e+02
6.514560000000000000e+07 -1.798487287579206111e+02
6.523200000000000000e+07 -1.781232222678071651e+02
6.531840000000000000e+07 -1.763302104460745454e+02
6.540480000000000000e+07 -1.744702238737679920e+02
6.549120000000000000e+07 -1.725438129508387419e+02
6.557760000000000000e+07 -1.705515477332717182e+02
6.566400000000000000e+07 -1.684940177643967445e+02
6.575040000000000000e+07 -1.663718319004352395e+02
6.583680000000000000e+07 -1.641856181303261337e+02
6.592320000000000000e+07 -1.619360233898965475e+02
6.600960000000000000e+07 -1.596237133704241273e+02
6.609600000000000000e+07 -1.572493723216431363e+02
6.618240000000000000e+07 -1.548137028492709248e+02
6.626880000000000000e+07 -1.523174257070897113e+02
6.635520000000000000e+07 -1.497612795836676582e+02
6.644160000000000000e+07 -1.471460208837668517e+02
6.652800000000000000e+07 -1.444724235045120508e+02
6.661440000000000000e+07 -1.417412786063818260e+02
6.670080000000000000e+07 -1.389533943790911508e+02
6.678720000000000000e+07 -1.361095958024361892e+02
6.687360000000000000e+07 -1.332107244021678412e+02
6.696000000000000000e+07 -1.302576380009717525e+02
6.704640000000000000e+07 -1.272512104646240232e+02
6.713280000000000000e+07 -1.241923314434030203e+02
6.721920000000000000e+07 -1.210819061088224373e+02
6.730560000000000000e+07 -1.179208548857804146e+02
6.739200000000000000e+07 -1.147101131801922520e+02
6.747840000000000000e+07 -1.114506311021818021e+02
6.756480000000000000e+07 -1.081433731849380138e+02
6.765120000000000000e+07 -1.047893180992862199e+02
6.773760000000000000e+07 -1.013894583640885685e+02
6.782400000000000000e+07 -9.794480005253879540e+01
6.791040000000000000e+07 -9.445636249445050225e+01
6.799680000000000000e+07 -9.092517797462036810e+01
6.808320000000000000e+07 -8.735229142735943242e+01
6.816960000000000000e+07 -8.373876012728004525e+01
6.825600000000000000e+07 -8.008565337642804138e+01
6.834240000000000000e+07 -7.639405218786586715e+01
6.842880000000000000e+07 -7.266504896577649220e+01
6.851520000000000000e+07 -6.889974718220692296e+01
6.860160000000000000e+07 -6.509926105053351364e+01
6.868800000000000000e+07 -6.126471519574620572e+01
6.877440000000000000e+07 -5.739724432165536427e+01
6.886080000000000000e+07 -5.349799287511422108e+01
6.894720000000000000e+07 -4.956811470735833325e+01
6.903360000000000000e+07 -4.560877273256402020e+01
6.912000000000000000e+07 -4.162113858372089226e+01
6.920640000000000000e+07 -3.760639226592847706e+01
6.929280000000000000e+07 -3.356572180721285292e+01
6.937920000000000000e+07 -2.950032290697167525e+01
6.946560000000000000e+07 -2.541139858214430092e+01
6.955200000000000000e+07 -2.130015881122541543e+01
6.963840000000000000e+07 -1.716782017620332113e+01
6.972480000000000000e+07 -1.301560550256564142e+01
6.981120000000000000e+07 -8.844743497436581947e+00
6.989760000000000000e+07 -4.656468385984446456e+00
6.998400000000000000e+07 -4.520195461997360553e-01
7.007040000000000000e+07 3.767358857863627009e+00
7.015680000000000000e+07 8.000418244252621491e+00
7.024320000000000000e+07 1.224590598259231911e+01
7.032960000000000000e+07 1.650256576475540982e+01
7.041600000000000000e+07 2.076913797663104688e+01
7.050240000000000000e+07 2.504436007085962856e+01
7.058880000000000000e+07 2.932696694043956143e+01
7.067520000000000000e+07 3.361569129309981463e+01
7.076160000000000000e+07 3.790926402630462633e+01
7.084800000000000000e+07 4.220641460280484836e+01
7.093440000000000000e+07 4.650587142661082396e+01
7.102080000000000000e+07 5.080636221927679941e+01
7.110720000000000000e+07 5.510661439638941062e+01
7.119360000000000000e+07 5.940535544414415625e+01
7.128000000000000000e+07 6.370131329590536495e+01
7.136640000000000000e+07 6.799321670862937594e+01
7.145280000000000000e+07 7.227979563904628435e+01
7.153920000000000000e+07 7.655978161948661409e+01
7.162560000000000000e+07 8.083190813323992074e+01
7.171200000000000000e+07 8.509491098933801823e+01
7.179840000000000000e+07 8.934752869665200592e+01
7.188480000000000000e+07 9.358850283718464880e+01
7.197120000000000000e+07 9.781657843845488287e+01
7.205760000000000000e+07 1.020305043448717015e+02
7.214400000000000000e+07 1.062290335879616947e+02
7.223040000000000000e+07 1.104109237553748528e+02
7.231680000000000000e+07 1.145749373585304767e+02
7.240320000000000000e+07 1.187198421988113068e+02
7.248960000000000000e+07 1.228444117321891440e+02
7.257600000000000000e+07 1.269474254321815181e+02
7.266240000000000000e+07 1.310276691510243268e+02
7.274880000000000000e+07 1.350839354789538334e+02
7.283520000000000000e+07 1.391150241015078564e+02
7.292160000000000000e+07 1.431197421547065858e+02
7.300800000000000000e+07 1.470969045780487363e+02
7.309440000000000000e+07 1.510453344651884606e+02
7.318080000000000000e+07 1.549638634121960195e+02
7.326720000000000000e+07 1.588513318633137033e+02
7.335360000000000000e+07 1.627065894540839395e+02
7.344000000000000000e+07 1.665284953517596591e+02
7.352640000000000000e+07 1.703159185928975603e+02
7.361280000000000000e+07 1.740677384180268348e+02
7.369920000000000000e+07 1.777828446033002479e+02
7.378560000000000000e+07 1.814601377890276126e+02
7.387200000000000000e+07 1.850985298049926371e+02
7.395840000000000000e+07 1.886969439924619962e+02
7.404480000000000000e+07 1.922543155227854470e+02
7.413120000000000000e+07 1.957695917124927689e+02
7.421760000000000000e+07 1.992417323348058744e+02
7.430400000000000000e+07 2.026697099274524874e+02
7.439040000000000000e+07 2.060525100967111030e+02
7.447680000000000000e+07 2.093891318175899983e+02
7.456320000000000000e+07 2.126785877300388279e+02
7.464960000000000000e+07 2.159199044311318971e+02
7.473600000000000000e+07 2.191121227631088573e+02
7.482240000000000000e+07 2.222542980972084479e+02
7.490880000000000000e+07 2.253455006131945879e+02
7.499520000000000000e+07 2.283848155745121460e+02
7.508160000000000000e+07 2.313713435989660923e+02
7.516800000000000000e+07 2.343042009248638351e+02
7.525440000000000000e+07 2.371825196725393425e+02
7.534080000000000000e+07 2.400054481011660243e+02
7.542720000000000000e+07 2.427721508608058230e+02
7.551360000000000000e+07 2.454818092396002385e+02
7.560000000000000000e+07 2.481336214060410441e+02
7.568640000000000000e+07 2.507268026462440957e+02
7.577280000000000000e+07 2.532605855961603822e+02
7.585920000000000000e+07 2.557342204686504203e+02
7.594560000000000000e+07 2.581469752753587272e+02
7.603200000000000000e+07 2.604981360433199598e+02
7.611840000000000000e+07 2.627870070262366085e+02
7.620480000000000000e+07 2.650129109103609153e+02
7.629120000000000000e+07 2.671751890149208748e+02
7.637760000000000000e+07 2.692732014870391026e+02
7.646400000000000000e+07 2.713063274910707605e+02
7.655040000000000000e+07 2.732739653923209744e+02
7.663680000000000000e+07 2.751755329350795023e+02
7.672320000000000000e+07 2.770104674149162065e+02
7.680960000000000000e+07 2.787782258451975395e+02
7.689600000000000000e+07 2.804782851177637895e+02
7.698240000000000000e+07 2.821101421577244537e+02
7.706880000000000000e+07 2.836733140723275710e+02
7.715520000000000000e+07 2.851673382938545274e+02
7.724160000000000000e+07 2.865917727165019642e+02
7.732800000000000000e+07 2.879461958272066227e+02
7.741440000000000000e+07 2.892302068303802116e+02
7.750080000000000000e+07 2.904434257665084829e+02
7.758720000000000000e+07 2.915854936245895033e+02
7.767360000000000000e+07 2.926560724483705371e+02
7.776000000000000000e+07 2.936548454363531278e+02
7.784640000000000000e+07 2.945815170355416512e+02
7.793280000000000000e+07 2.954358130289010660e+02
7.801920000000000000e+07 2.962174806165027121e+02
7.810560000000000000e+07 2.969262884903315580e+02
7.819200000000000000e+07 2.975620269027342601e+02
7.827840000000000000e+07 2.981245077284862646e+02
7.836480000000000000e+07 2.986135645204620346e+02
7.845120000000000000e+07 2.990290525588885089e+02
7.853760000000000000e+07 2.993708488941706491e+02
7.862400000000000000e+07 2.996388523832738429e+02
7.871040000000000000e+07 2.998329837196538392e+02
7.879680000000000000e+07 2.999531854567251230e+02
7.888320000000000000e+07 2.999994220248595411e+02
7.896960000000000000e+07 2.999716797419129080e+02
7.905600000000000000e+07 2.998699668172730526e+02
7.914240000000000000e+07 2.996943133494307290e+02
7.922880000000000000e+07 2.994447713170731049e+02
7.931520000000000000e+07 2.991214145637023876e+02
7.940160000000000000e+07 2.987243387757839628e+02
7.948800000000000000e+07 2.982536614544320628e+02
7.957440000000000000e+07 2.977095218806383627e+02
7.966080000000000000e+07 2.970920810740572051e+02
7.974720000000000000e+07 2.964015217453570585e+02
7.983360000000000000e+07 2.956380482421529337e+02
7.992000000000000000e+07 2.948018864885378889e+02
8.000640000000000000e+07 2.938932839182272119e+02
8.009280000000000000e+07 2.929125094013395483e+02
8.017920000000000000e+07 2.918598531648335666e+02
8.026560000000000000e+07 2.907356267066252826e+02
8.035200000000000000e+07 2.895401627034107150e+02
8.043840000000000000e+07 2.882738149122215532e+02
8.052480000000000000e+07 2.869369580657426013e+02
8.061120000000000000e+07 2.855299877614229445e+02
8.069760000000000000e+07 2.840533203444118726e+02
8.078400000000000000e+07 2.825073927843544084e+02
8.087040000000000000e+07 2.808926625460887863e+02
8.095680000000000000e+07 2.792096074542694168e+02
8.104320000000000000e+07 2.774587255519762721e+02
8.112960000000000000e+07 2.756405349533337130e+02
8.121600000000000000e+07 2.737555736901904879e+02
8.130240000000000000e+07 2.718043995529121730e+02
8.138880000000000000e+07 2.697875899253160696e+02
8.147520000000000000e+07 2.677057416138191002e+02
8.156160000000000000e+07 2.655594706708297394e+02
8.164800000000000000e+07 2.633494122124503747e+02
8.173440000000000000e+07 2.610762202305359096e+02
8.182080000000000000e+07 2.587405673991643198e+02
8.190720000000000000e+07 2.563431448755875408e+02
8.199360000000000000e+07 2.538846620956996674e+02
8.208000000000000000e+07 2.513658465641088071e+02
8.216640000000000000e+07 2.487874436388557626e+02
8.225280000000000000e+07 2.461502163108459058e+02
8.233920000000000000e+07 2.434549449780772363e+02
8.242560000000000000e+07 2.407024272146982469e+02
8.251200000000000000e+07 2.378934775349993913e+02
8.259840000000000000e+07 2.350289271523831189e+02
8.268480000000000000e+07 2.321096237333926808e+02
8.277120000000000000e+07 2.291364311468780386e+02
8.285760000000000000e+07 2.261102292083583905e+02
8.294400000000000000e+07 2.230319134196747939e+02
8.303040000000000000e+07 2.199023947039952134e+02
8.311680000000000000e+07 2.167225991362553543e+02
8.320320000000000000e+07 2.134934676691223956e+02
8.328960000000000000e+07 2.102159558545498612e+02
8.337600000000000000e+07 2.068910335610117102e+02
8.346240000000000000e+07 2.035196846865102316e+02
8.354880000000000000e+07 2.001029068674157827e+02
8.363520000000000000e+07 1.966417111832550404e+02
8.372160000000000000e+07 1.931371218575168598e+02
8.380800000000000000e+07 1.895901759545661776e+02
8.389440000000000000e+07 1.860019230727613433e+02
8.398080000000000000e+07 1.823734250338572167e+02
8.406720000000000000e+07 1.787057555688041930e+02
8.415360000000000000e+07 1.750000000000003979e+02
8.424000000000000000e+07 1.712572549201399568e+02
8.432640000000000000e+07 1.674786278677077860e+02
8.441280000000000000e+07 1.636652369992386014e+02
8.449920000000000000e+07 1.598182107584451046e+02
8.458560000000000000e+07 1.559386875422822811e+02
8.467200000000000000e+07 1.520278153640861092e+02
8.475840000000000000e+07 1.480867515138547788e+02
8.484480000000000000e+07 1.441166622157855954e+02
8.493120000000000000e+07 1.401187222831761403e+02
8.501760000000000000e+07 1.360941147707713981e+02
8.510400000000000000e+07 1.320440306246848650e+02
8.519040000000000000e+07 1.279696683299758320e+02
8.527680000000000000e+07 1.238722335559957628e+02
8.536320000000000000e+07 1.197529387996165156e+02
8.544960000000000000e+07 1.156130030264304480e+02
8.553600000000000000e+07 1.114536513100362782e+02
8.562240000000000000e+07 1.072761144695252966e+02
8.570880000000000000e+07 1.030816287052595754e+02
8.579520000000000000e+07 9.887143523305780946e+01
8.588160000000000000e+07 9.464677991690480496e+01
8.596800000000000000e+07 9.040891290027676064e+01
8.605440000000000000e+07 8.615908823620550550e+01
8.614080000000000000e+07 8.189856351618048791e+01
8.622720000000000000e+07 7.762859949801338644e+01
8.631360000000000000e+07 7.335045973275251185e+01
8.640000000000000000e+07 6.906541019078393617e+01
8.648640000000000000e+07 6.477471888720783966e+01
8.657280000000000000e+07 6.047965550660887857e+01
8.665920000000000000e+07 5.618149102734584233e+01
8.674560000000000000e+07 5.188149734543718239e+01
8.683200000000000000e+07 4.758094689819274237e+01
8.691840000000000000e+07 4.328111228767994589e+01
8.700480000000000000e+07 3.898326590413773829e+01
8.709120000000000000e+07 3.468867954945758925e+01
8.717760000000000000e+07 3.039862406083332758e+01
8.726400000000000000e+07 2.611436893470528275e+01
8.735040000000000000e+07 2.183718195109319282e+01
8.743680000000000000e+07 1.756832879843706507e+01
8.752320000000000000e+07 1.330907269906577284e+01
8.760960000000000000e+07 9.060674035382206171e+00
8.769600000000000000e+07 4.824389976901990451e+00
8.778240000000000000e+07 6.014741082332903943e-01
8.786880000000000000e+07 -3.606823941877301820e+00
8.795520000000000000e+07 -7.799258870333495963e+00
8.804160000000000000e+07 -1.197459006818930760e+01
8.812800000000000000e+07 -1.613158198776780239e+01
8.821440000000000000e+07 -2.026900450828213707e+01
8.830080000000000000e+07 -2.438563329984287975e+01
8.838720000000000000e+07 -2.848025018575958711e+01
8.847360000000000000e+07 -3.255164350302138132e+01
8.856000000000000000e+07 -3.659860846084238517e+01
8.864640000000000000e+07 -4.061994749718135722e+01
8.873280000000000000e+07 -4.461447063312198225e+01
8.881920000000000000e+07 -4.858099582500179281e+01
8.890560000000000000e+07 -5.251834931420046360e+01
8.899200000000000000e+07 -5.642536597447625013e+01
8.907840000000000000e+07 -6.030088965674066515e+01
8.916480000000000000e+07 -6.414377353118499059e+01
8.925120000000000000e+07 -6.795288042664390105e+01
8.933760000000000000e+07 -7.172708316710600229e+01
8.942400000000000000e+07 -7.546526490525772601e+01
8.951040000000000000e+07 -7.916631945298274786e+01
8.959680000000000000e+07 -8.282915160869538340e+01
8.968320000000000000e+07 -8.645267748143066910e+01
8.976960000000000000e+07 -9.003582481158750284e+01
8.985600000000000000e+07 -9.357753328822275307e+01
8.994240000000000000e+07 -9.707675486281766553e+01
9.002880000000000000e+07 -1.005324540594104974e+02
9.011520000000000000e+07 -1.039436082810128426e+02
9.020160000000000000e+07 -1.073092081122117065e+02
9.028800000000000000e+07 -1.106282576178670354e+02
9.037440000000000000e+07 -1.138997746378337297e+02
9.046080000000000000e+07 -1.171227910775912733e+02
9.054720000000000000e+07 -1.202963531947211493e+02
9.063360000000000000e+07 -1.234195218811364896e+02
9.072000000000000000e+07 -1.264913729409747134e+02
9.080640000000000000e+07 -1.295109973640872454e+02
9.089280000000000000e+07 -1.324775015950254726e+02
9.097920000000000000e+07 -1.353900077974610099e+02
9.106560000000000000e+07 -1.382476541139502899e+02
9.115200000000000000e+07 -1.410495949209743003e+02
9.123840000000000000e+07 -1.437950010791687419e+02
9.132480000000000000e+07 -1.464830601786815976e+02
9.141120000000000000e+07 -1.491129767795796113e+02
9.149760000000000000e+07 -1.516839726472288135e+02
9.158400000000000000e+07 -1.541952869825880725e+02
9.167040000000000000e+07 -1.566461766473434238e+02
9.175680000000000000e+07 -1.590359163838114966e+02
9.184320000000000000e+07 -1.613637990295566453e+02
9.192960000000000000e+07 -1.636291357266528905e+02
9.201600000000000000e+07 -1.658312561255248738e+02
9.210240000000000000e+07 -1.679695085833187420e+02
9.218880000000000000e+07 -1.700432603567305705e+02
9.227520000000000000e+07 -1.720518977892468513e+02
9.236160000000000000e+07 -1.739948264927365642e+02
9.244800000000000000e+07 -1.758714715233356571e+02
9.253440000000000000e+07 -1.776812775515896305e+02
9.262080000000000000e+07 -1.794237090267757821e+02
9.270720000000000000e+07 -1.810982503353883999e+02
9.279360000000000000e+07 -1.827044059537141152e+02
9.288000000000000000e+07 -1.842417005944635946e+02
9.296640000000000000e+07 -1.857096793474208880e+02
9.305280000000000000e+07 -1.871079078140551530e+02
9.313920000000000000e+07 -1.884359722360678688e+02
9.322560000000000000e+07 -1.896934796178297233e+02
9.331200000000000000e+07 -1.908800578426753987e+02
9.339840000000000000e+07 -1.919953557830184252e+02
9.348480000000000000e+07 -1.930390434042539312e+02
9.357120000000000000e+07 -1.940108118624240774e+02
9.365760000000000000e+07 -1.949103735956076662e+02
9.374400000000000000e+07 -1.957374624090151087e+02
9.383040000000000000e+07 -1.964918335537603014e+02
9.391680000000000000e+07 -1.971732637992845412e+02
9.400320000000000000e+07 -1.977815514994152579e+02
9.408960000000000000e+07 -1.983165166520354319e+02
9.417600000000000000e+07 -1.987780009523496290e+02
9.426240000000000000e+07 -1.991658678397289179e+02
9.434880000000000000e+07 -1.994800025381210844e+02
9.443520000000000000e+07 -1.997203120900149145e+02
9.452160000000000000e+07 -1.998867253839478337e+02
9.460800000000000000e+07 -1.999791931755487724e+02
