0.000000000000000000e+00 -5.000000000000000000e+00
8.640000000000000000e+04 -4.998520419557735295e+00
1.728000000000000000e+05 -4.994082116062598331e+00
2.592000000000000000e+05 -4.986686402879996649e+00
3.456000000000000000e+05 -4.976335468520451499e+00
4.320000000000000000e+05 -4.963032375991964784e+00
5.184000000000000000e+05 -4.946781061893645415e+00
6.048000000000000000e+05 -4.927586335250794036e+00
6.912000000000000000e+05 -4.905453876091833365e+00
7.776000000000000000e+05 -4.880390233767510466e+00
8.640000000000000000e+05 -4.852402825012820387e+00
9.504000000000000000e+05 -4.821499931752290635e+00
1.036800000000000000e+06 -4.787690698649216259e+00
1.123200000000000000e+06 -4.750985130399609346e+00
1.209600000000000000e+06 -4.711394088771653443e+00
1.296000000000000000e+06 -4.668929289391520854e+00
1.382400000000000000e+06 -4.623603298276545814e+00
1.468800000000000000e+06 -4.575429528116718103e+00
1.555200000000000000e+06 -4.524422234305676582e+00
1.641600000000000000e+06 -4.470596510722282702e+00
1.728000000000000000e+06 -4.413968285264122215e+00
1.814400000000000000e+06 -4.354554315134164355e+00
1.900800000000000000e+06 -4.292372181882051052e+00
1.987200000000000000e+06 -4.227440286201426645e+00
2.073600000000000000e+06 -4.159777842484876587e+00
2.160000000000000000e+06 -4.089404873138080987e+00
2.246400000000000000e+06 -4.016342202654859861e+00
2.332800000000000000e+06 -3.940611451454875791e+00
2.419200000000000000e+06 -3.862235029485800553e+00
2.505600000000000000e+06 -3.781236129591848183e+00
2.592000000000000000e+06 -3.697638720650646249e+00
2.678400000000000000e+06 -3.611467540480452598e+00
2.764800000000000000e+06 -3.522748088519838561e+00
2.851200000000000000e+06 -3.431506618282000431e+00
2.937600000000000000e+06 -3.337770129585916123e+00
3.024000000000000000e+06 -3.241566360566663363e+00
3.110400000000000000e+06 -3.142923779467267309e+00
3.196800000000000000e+06 -3.041871576214479234e+00
3.283200000000000000e+06 -2.938439653781018457e+00
3.369600000000000000e+06 -2.832658619336791084e+00
3.456000000000000000e+06 -2.724559775191741195e+00
3.542400000000000000e+06 -2.614175109532995478e+00
3.628800000000000000e+06 -2.501537286959043982e+00
3.715200000000000000e+06 -2.386679638813747673e+00
3.801600000000000000e+06 -2.269636153323080663e+00
3.888000000000000000e+06 -2.150441465537443975e+00
3.974400000000000000e+06 -2.029130847082615041e+00
4.060800000000000000e+06 -1.905740195722294139e+00
4.147200000000000000e+06 -1.780306024735381243e+00
4.233600000000000000e+06 -1.652865452111115019e+00
4.320000000000000000e+06 -1.523456189565257191e+00
4.406400000000000000e+06 -1.392116531380587219e+00
4.492800000000000000e+06 -1.258885343075018426e+00
4.579200000000000000e+06 -1.123802049900649358e+00
4.665600000000000000e+06 -9.869066251772125042e-01
4.752000000000000000e+06 -8.482395784633229852e-01
4.838400000000000000e+06 -7.078419435690364026e-01
4.924800000000000000e+06 -5.657552664133023157e-01
5.011200000000000000e+06 -4.220215927298447411e-01
5.097600000000000000e+06 -2.766834556251591692e-01
5.184000000000000000e+06 -1.297838629922800635e-01
5.270400000000000000e+06 1.863371521594281432e-02
5.356800000000000000e+06 1.685253598503129169e-01
5.443200000000000000e+06 3.198467155616553370e-01
5.529600000000000000e+06 4.725530039262890725e-01
5.616000000000000000e+06 6.265990366966791569e-01
5.702400000000000000e+06 7.819392291733660016e-01
5.788800000000000000e+06 9.385276136942106717e-01
5.875200000000000000e+06 1.096317853236973949e+00
5.961600000000000000e+06 1.255263255131167544e+00
6.048000000000000000e+06 1.415316784875191303e+00
6.134400000000000000e+06 1.576431080054577549e+00
6.220800000000000000e+06 1.738558464357303990e+00
6.307200000000000000e+06 1.901650961681975005e+00
6.393600000000000000e+06 2.065660310334727079e+00
6.480000000000000000e+06 2.230537977310635522e+00
6.566400000000000000e+06 2.396235172655420964e+00
6.652800000000000000e+06 2.562702863903159489e+00
6.739200000000000000e+06 2.729891790585815325e+00
6.825600000000000000e+06 2.897752478810162291e+00
6.912000000000000000e+06 3.066235255897943546e+00
6.998400000000000000e+06 3.235290265084783456e+00
7.084800000000000000e+06 3.404867480273638947e+00
7.171200000000000000e+06 3.574916720838291262e+00
7.257600000000000000e+06 3.745387666472630883e+00
7.344000000000000000e+06 3.916229872081239183e+00
7.430400000000000000e+06 4.087392782706879224e+00
7.516800000000000000e+06 4.258825748490558283e+00
7.603200000000000000e+06 4.430478039659602629e+00
7.689600000000000000e+06 4.602298861539442676e+00
7.776000000000000000e+06 4.774237369584545476e+00
7.862400000000000000e+06 4.946242684424161595e+00
7.948800000000000000e+06 5.118263906918326001e+00
8.035200000000000000e+06 5.290250133219752016e+00
8.121600000000000000e+06 5.462150469837081523e+00
8.208000000000000000e+06 5.633914048695105592e+00
8.294400000000000000e+06 5.805490042187418709e+00
8.380800000000000000e+06 5.976827678217161655e+00
8.467200000000000000e+06 6.147876255221271791e+00
8.553600000000000000e+06 6.318585157173911782e+00
8.640000000000000000e+06 6.488903868564546151e+00
8.726400000000000000e+06 6.658781989346311825e+00
8.812800000000000000e+06 6.828169249850200906e+00
8.899200000000000000e+06 6.997015525660637891e+00
8.985600000000000000e+06 7.165270852448143657e+00
9.072000000000000000e+06 7.332885440754550288e+00
9.158400000000000000e+06 7.499809690726521261e+00
9.244800000000000000e+06 7.665994206792933419e+00
9.331200000000000000e+06 7.831389812281837948e+00
9.417600000000000000e+06 7.995947563972603866e+00
9.504000000000000000e+06 8.159618766579026072e+00
9.590400000000000000e+06 8.322354987159043205e+00
9.676800000000000000e+06 8.484108069446810063e+00
9.763200000000000000e+06 8.644830148102911949e+00
9.849600000000000000e+06 8.804473662878518070e+00
9.936000000000000000e+06 8.962991372689179670e+00
1.002240000000000000e+07 9.120336369594262749e+00
1.010880000000000000e+07 9.276462092677743243e+00
1.019520000000000000e+07 9.431322341826344768e+00
1.028160000000000000e+07 9.584871291400880011e+00
1.036800000000000000e+07 9.737063503796800745e+00
1.045440000000000000e+07 9.887853942889922365e+00
1.054080000000000000e+07 1.003719798736333679e+01
1.062720000000000000e+07 1.018505144391157025e+01
1.071360000000000000e+07 1.033137056031809031e+01
1.080000000000000000e+07 1.047611203840231298e+01
1.088640000000000000e+07 1.061923304683219449e+01
1.097280000000000000e+07 1.076069123379875769e+01
1.105920000000000000e+07 1.090044473954862703e+01
1.114560000000000000e+07 1.103845220877103728e+01
1.123200000000000000e+07 1.117467280283551645e+01
1.131840000000000000e+07 1.130906621187670424e+01
1.140480000000000000e+07 1.144159266672268416e+01
1.149120000000000000e+07 1.157221295066331912e+01
1.157760000000000000e+07 1.170088841105511257e+01
1.166400000000000000e+07 1.182758097075914705e+01
1.175040000000000000e+07 1.195225313940872169e+01
1.183680000000000000e+07 1.207486802450334906e+01
1.192320000000000000e+07 1.219538934232583571e+01
1.200960000000000000e+07 1.231378142867925263e+01
1.209600000000000000e+07 1.243000924944049324e+01
1.218240000000000000e+07 1.254403841092747385e+01
1.226880000000000000e+07 1.265583517007674708e+01
1.235520000000000000e+07 1.276536644442865409e+01
1.244160000000000000e+07 1.287259982191692131e+01
1.252800000000000000e+07 1.297750357045993397e+01
1.261440000000000000e+07 1.308004664735075373e+01
1.270080000000000000e+07 1.318019870844317154e+01
1.278720000000000000e+07 1.327793011713102089e+01
1.287360000000000000e+07 1.337321195311811906e+01
1.296000000000000000e+07 1.346601602097626760e+01
1.304640000000000000e+07 1.355631485848870632e+01
1.313280000000000000e+07 1.364408174477665092e+01
1.321920000000000000e+07 1.372929070820640796e+01
1.330560000000000000e+07 1.381191653407482711e+01
1.339200000000000000e+07 1.389193477207071226e+01
1.347840000000000000e+07 1.396932174351006495e+01
1.356480000000000000e+07 1.404405454834300215e+01
1.365120000000000000e+07 1.411611107193023606e+01
1.373760000000000000e+07 1.418546999158716559e+01
1.382400000000000000e+07 1.425211078289358113e+01
1.391040000000000000e+07 1.431601372576718667e+01
1.399680000000000000e+07 1.437715991029909368e+01
1.408320000000000000e+07 1.443553124234954410e+01
1.416960000000000000e+07 1.449111044890228506e+01
1.425600000000000000e+07 1.454388108317590955e+01
1.434240000000000000e+07 1.459382752949074202e+01
1.442880000000000000e+07 1.464093500788975533e+01
1.451520000000000000e+07 1.468518957851220286e+01
1.460160000000000000e+07 1.472657814571865487e+01
1.468800000000000000e+07 1.476508846196619018e+01
1.477440000000000000e+07 1.480070913143266687e+01
1.486080000000000000e+07 1.483342961338890120e+01
1.494720000000000000e+07 1.486324022531786682e+01
1.503360000000000000e+07 1.489013214577988364e+01
1.512000000000000000e+07 1.491409741702303826e+01
1.520640000000000000e+07 1.493512894733800600e+01
1.529280000000000000e+07 1.495322051315660161e+01
1.537920000000000000e+07 1.496836676089343499e+01
1.546560000000000000e+07 1.498056320853011947e+01
1.555200000000000000e+07 1.498980624694157981e+01
1.563840000000000000e+07 1.499609314096403878e+01
1.572480000000000000e+07 1.499942203020441589e+01
1.581120000000000000e+07 1.499979192959082397e+01
1.589760000000000000e+07 1.499720272966408352e+01
1.598400000000000000e+07 1.499165519661010926e+01
1.607040000000000000e+07 1.498315097203318302e+01
1.615680000000000000e+07 1.497169257247017882e+01
1.624320000000000000e+07 1.495728338864587315e+01
1.632960000000000000e+07 1.493992768446958230e+01
1.641600000000000000e+07 1.491963059577339479e+01
1.650240000000000000e+07 1.489639812879241276e+01
1.658880000000000000e+07 1.487023715838738092e+01
1.667520000000000000e+07 1.484115542601033866e+01
1.676160000000000000e+07 1.480916153741377350e+01
1.684800000000000000e+07 1.477426496010405543e+01
1.693440000000000000e+07 1.473647602053983796e+01
1.702080000000000000e+07 1.469580590107630691e+01
1.710720000000000000e+07 1.465226663665612961e+01
1.719360000000000000e+07 1.460587111124812942e+01
1.728000000000000000e+07 1.455663305403470531e+01
1.736640000000000000e+07 1.450456703534914915e+01
1.745280000000000000e+07 1.444968846236405824e+01
1.753920000000000000e+07 1.439201357453208274e+01
1.762560000000000000e+07 1.433155943878043104e+01
1.771200000000000000e+07 1.426834394446049181e+01
1.779840000000000000e+07 1.420238579805407397e+01
1.788480000000000000e+07 1.413370451763785773e+01
1.797120000000000000e+07 1.406232042710769647e+01
1.805760000000000000e+07 1.398825465016444092e+01
1.814400000000000000e+07 1.391152910406308862e+01
1.823040000000000000e+07 1.383216649312712754e+01
1.831680000000000000e+07 1.375019030202995474e+01
1.840320000000000000e+07 1.366562478884538834e+01
1.848960000000000000e+07 1.357849497786930293e+01
1.857600000000000000e+07 1.348882665221455035e+01
1.866240000000000000e+07 1.339664634618132411e+01
1.874880000000000000e+07 1.330198133740521627e+01
1.883520000000000000e+07 1.320485963878532409e+01
1.892160000000000000e+07 1.310530999019482401e+01
1.900800000000000000e+07 1.300336184997632571e+01
1.909440000000000000e+07 1.289904538622471009e+01
1.918080000000000000e+07 1.279239146785988623e+01
1.926720000000000000e+07 1.268343165549220330e+01
1.935360000000000000e+07 1.257219819208312472e+01
1.944000000000000000e+07 1.245872399340406389e+01
1.952640000000000000e+07 1.234304263829601922e+01
1.961280000000000000e+07 1.222518835873311005e+01
1.969920000000000000e+07 1.210519602969274189e+01
1.978560000000000000e+07 1.198310115883558069e+01
1.987200000000000000e+07 1.185893987599822630e+01
1.995840000000000000e+07 1.173274892250183044e+01
2.004480000000000000e+07 1.160456564027975368e+01
2.013120000000000000e+07 1.147442796082747485e+01
2.021760000000000000e+07 1.134237439397806035e+01
2.030400000000000000e+07 1.120844401650646205e+01
2.039040000000000000e+07 1.107267646056613586e+01
2.047680000000000000e+07 1.093511190196115024e+01
2.056320000000000000e+07 1.079579104825760538e+01
2.064960000000000000e+07 1.065475512673757663e+01
2.073600000000000000e+07 1.051204587219927689e+01
2.082240000000000000e+07 1.036770551460710976e+01
2.090880000000000000e+07 1.022177676659508805e+01
2.099520000000000000e+07 1.007430281082751122e+01
2.108160000000000000e+07 9.925327287220550687e+00
2.116800000000000000e+07 9.774894280028384230e+00
2.125440000000000000e+07 9.623048304798107466e+00
2.134080000000000000e+07 9.469834295196740470e+00
2.142720000000000000e+07 9.315297589714713666e+00
2.151360000000000000e+07 9.159483918249421208e+00
2.160000000000000000e+07 9.002439388573055368e+00
2.168640000000000000e+07 8.844210472688562419e+00
2.177280000000000000e+07 8.684843993077793201e+00
2.185920000000000000e+07 8.524387108846031680e+00
2.194560000000000000e+07 8.362887301766829040e+00
2.203200000000000000e+07 8.200392362231385235e+00
2.211840000000000000e+07 8.036950375106588496e+00
2.220480000000000000e+07 7.872609705505963618e+00
2.229120000000000000e+07 7.707418984477634183e+00
2.237760000000000000e+07 7.541427094613622373e+00
2.246400000000000000e+07 7.374683155584675021e+00
2.255040000000000000e+07 7.207236509605013275e+00
2.263680000000000000e+07 7.039136706831147450e+00
2.272320000000000000e+07 6.870433490699165979e+00
2.280960000000000000e+07 6.701176783204905618e+00
2.289600000000000000e+07 6.531416670131200419e+00
2.298240000000000000e+07 6.361203386226669920e+00
2.306880000000000000e+07 6.190587300340507859e+00
2.315520000000000000e+07 6.019618900517457405e+00
2.324160000000000000e+07 5.848348779057653601e+00
2.332800000000000000e+07 5.676827617545516347e+00
2.341440000000000000e+07 5.505106171852220065e+00
2.350080000000000000e+07 5.333235257116313299e+00
2.358720000000000000e+07 5.161265732706577403e+00
2.367360000000000000e+07 4.989248487172017299e+00
2.376000000000000000e+07 4.817234423183078817e+00
2.384640000000000000e+07 4.645274442468752873e+00
2.393280000000000000e+07 4.473419430753868831e+00
2.401920000000000000e+07 4.301720242701291497e+00
2.410560000000000000e+07 4.130227686863139347e+00
2.419200000000000000e+07 3.958992510645743756e+00
2.427840000000000000e+07 3.788065385292631149e+00
2.436480000000000000e+07 3.617496890890172345e+00
2.445120000000000000e+07 3.447337501400052684e+00
2.453760000000000000e+07 3.277637569723188982e+00
2.462400000000000000e+07 3.108447312799590634e+00
2.471040000000000000e+07 2.939816796748291772e+00
2.479680000000000000e+07 2.771795922052004091e+00
2.488320000000000000e+07 2.604434408790729183e+00
2.496960000000000000e+07 2.437781781928828995e+00
2.505600000000000000e+07 2.271887356659800350e+00
2.514240000000000000e+07 2.106800223813047435e+00
2.522880000000000000e+07 1.942569235327169075e+00
2.531520000000000000e+07 1.779242989793896168e+00
2.540160000000000000e+07 1.616869818076933196e+00
2.548800000000000000e+07 1.455497769010131393e+00
2.557440000000000000e+07 1.295174595179036992e+00
2.566080000000000000e+07 1.135947738790138217e+00
2.574720000000000000e+07 9.778643176319707919e-01
2.583360000000000000e+07 8.209711111321329469e-01
2.592000000000000000e+07 6.653145465146366178e-01
2.600640000000000000e+07 5.109406850612021600e-01
2.609280000000000000e+07 3.578952084810769207e-01
2.617920000000000000e+07 2.062234053930476207e-01
2.626560000000000000e+07 5.597015792381121457e-02
2.635200000000000000e+07 -9.282007157335669945e-02
2.643840000000000000e+07 -2.401032536757483626e-01
2.652480000000000000e+07 -3.858358049202319506e-01
2.661120000000000000e+07 -5.299746007002648085e-01
2.669760000000000000e+07 -6.724769880272285505e-01
2.678400000000000000e+07 -8.133007981520501417e-01
2.687040000000000000e+07 -9.524043590436734874e-01
2.695680000000000000e+07 -1.089746507720485980e+00
2.704320000000000000e+07 -1.225286602431063798e+00
2.712960000000000000e+07 -1.358984534680745426e+00
2.721600000000000000e+07 -1.490800741100390958e+00
2.730240000000000000e+07 -1.620696215153808240e+00
2.738880000000000000e+07 -1.748632518680409476e+00
2.747520000000000000e+07 -1.874571793269663722e+00
2.756160000000000000e+07 -1.998476771464064328e+00
2.764800000000000000e+07 -2.120310787787136775e+00
2.773440000000000000e+07 -2.240037789593300133e+00
2.782080000000000000e+07 -2.357622347736526791e+00
2.790720000000000000e+07 -2.473029667054296610e+00
2.799360000000000000e+07 -2.586225596664100124e+00
2.808000000000000000e+07 -2.697176640069216091e+00
2.816640000000000000e+07 -2.805849965070866148e+00
2.825280000000000000e+07 -2.912213413483807578e+00
2.833920000000000000e+07 -3.016235510652430563e+00
2.842560000000000000e+07 -3.117885474764607423e+00
2.851200000000000000e+07 -3.217133225960594700e+00
2.859840000000000000e+07 -3.313949395234057960e+00
2.868480000000000000e+07 -3.408305333122887859e+00
2.877120000000000000e+07 -3.500173118187017707e+00
2.885760000000000000e+07 -3.589525565270845320e+00
2.894400000000000000e+07 -3.676336233547729648e+00
2.903040000000000000e+07 -3.760579434344272443e+00
2.911680000000000000e+07 -3.842230238742036619e+00
2.920320000000000000e+07 -3.921264484954345875e+00
2.928960000000000000e+07 -3.997658785476209786e+00
2.937600000000000000e+07 -4.071390534005043804e+00
2.946240000000000000e+07 -4.142437912130226607e+00
2.954880000000000000e+07 -4.210779895789528382e+00
2.963520000000000000e+07 -4.276396261490466699e+00
2.972160000000000000e+07 -4.339267592294758558e+00
2.980800000000000000e+07 -4.399375283564133099e+00
2.989440000000000000e+07 -4.456701548465687779e+00
2.998080000000000000e+07 -4.511229423235352698e+00
3.006720000000000000e+07 -4.562942772197722263e+00
3.015360000000000000e+07 -4.611826292540840200e+00
3.024000000000000000e+07 -4.657865518844575448e+00
3.032640000000000000e+07 -4.701046827361173186e+00
3.041280000000000000e+07 -4.741357440046719773e+00
3.049920000000000000e+07 -4.778785428342386510e+00
3.058560000000000000e+07 -4.813319716704274498e+00
3.067200000000000000e+07 -4.844950085880858737e+00
3.075840000000000000e+07 -4.873667175937017149e+00
3.084480000000000000e+07 -4.899462489023781231e+00
3.093120000000000000e+07 -4.922328391893008970e+00
3.101760000000000000e+07 -4.942258118156161117e+00
3.110400000000000000e+07 -4.959245770286598187e+00
3.119040000000000000e+07 -4.973286321364751572e+00
3.127680000000000000e+07 -4.984375616565666078e+00
3.136320000000000000e+07 -4.992510374388480443e+00
3.144960000000000000e+07 -4.997688187627479905e+00
3.153600000000000000e+07 -4.999907524084425958e+00
3.162240000000000000e+07 -4.999167727021951890e+00
3.170880000000000000e+07 -4.995469015357913989e+00
3.179520000000000000e+07 -4.988812483600597147e+00
3.188160000000000000e+07 -4.979200101524842381e+00
3.196800000000000000e+07 -4.966634713589158423e+00
3.205440000000000000e+07 -4.951120038093986153e+00
3.214080000000000000e+07 -4.932660666081417844e+00
3.222720000000000000e+07 -4.911262059976611027e+00
3.231360000000000000e+07 -4.886930551971385484e+00
3.240000000000000000e+07 -4.859673342150411912e+00
3.248640000000000000e+07 -4.829498496360608684e+00
3.257280000000000000e+07 -4.796414943824302668e+00
3.265920000000000000e+07 -4.760432474496962385e+00
3.274560000000000000e+07 -4.721561736170158952e+00
3.283200000000000000e+07 -4.679814231320731821e+00
3.291840000000000000e+07 -4.635202313707026178e+00
3.300480000000000000e+07 -4.587739184713194973e+00
3.309120000000000000e+07 -4.537438889442709566e+00
3.317760000000000000e+07 -4.484316312562203422e+00
3.326400000000000000e+07 -4.428387173896839002e+00
3.335040000000000000e+07 -4.369668023778549681e+00
3.343680000000000000e+07 -4.308176238148565318e+00
3.352320000000000000e+07 -4.243930013415550206e+00
3.360960000000000000e+07 -4.176948361071042726e+00
3.369600000000000000e+07 -4.107251102063587567e+00
3.378240000000000000e+07 -4.034858860933445257e+00
3.386880000000000000e+07 -3.959793059709454610e+00
3.395520000000000000e+07 -3.882075911569891957e+00
3.404160000000000000e+07 -3.801730414269224312e+00
3.412800000000000000e+07 -3.718780343332753091e+00
3.421440000000000000e+07 -3.633250245021008240e+00
3.430080000000000000e+07 -3.545165429066116758e+00
3.438720000000000000e+07 -3.454551961182275477e+00
3.447360000000000000e+07 -3.361436655352456171e+00
3.456000000000000000e+07 -3.265847065893742851e+00
3.464640000000000000e+07 -3.167811479303532352e+00
3.473280000000000000e+07 -3.067358905889141951e+00
3.481920000000000000e+07 -2.964519071183184806e+00
3.490560000000000000e+07 -2.859322407147280032e+00
3.499200000000000000e+07 -2.751800043166744203e+00
3.507840000000000000e+07 -2.641983796838978549e+00
3.516480000000000000e+07 -2.529906164558022752e+00
3.525120000000000000e+07 -2.415600311898428387e+00
3.533760000000000000e+07 -2.299100063801018834e+00
3.542400000000000000e+07 -2.180439894563495962e+00
3.551040000000000000e+07 -2.059654917639008431e+00
3.559680000000000000e+07 -1.936780875245459832e+00
3.568320000000000000e+07 -1.811854127788858904e+00
3.576960000000000000e+07 -1.684911643103644607e+00
3.585600000000000000e+07 -1.555990985513356684e+00
3.594240000000000000e+07 -1.425130304714689267e+00
3.602880000000000000e+07 -1.292368324488455400e+00
3.611520000000000000e+07 -1.157744331240541769e+00
3.620160000000000000e+07 -1.021298162376426788e+00
3.628800000000000000e+07 -8.830701945126993024e-01
3.637440000000000000e+07 -7.431013315289183296e-01
3.646080000000000000e+07 -6.014329924635077873e-01
3.654720000000000000e+07 -4.581070992572424672e-01
3.663360000000000000e+07 -3.131660643478149098e-01
3.672000000000000000e+07 -1.666527781193183344e-01
3.680640000000000000e+07 -1.861059621033334111e-02
3.689280000000000000e+07 1.309166733157587359e-01
3.697920000000000000e+07 2.818847829342274736e-01
3.706560000000000000e+07 4.342490587526075529e-01
3.715200000000000000e+07 5.879644137303809970e-01
3.723840000000000000e+07 7.429853610209420367e-01
3.732480000000000000e+07 8.992660274319641545e-01
3.741120000000000000e+07 1.056760166999943795e+00
3.749760000000000000e+07 1.215421174675103799e+00
3.758400000000000000e+07 1.375202100112720149e+00
3.767040000000000000e+07 1.536055661566312125e+00
3.775680000000000000e+07 1.697934259879136043e+00
3.784320000000000000e+07 1.860789992569598539e+00
3.792960000000000000e+07 2.024574668006284384e+00
3.801600000000000000e+07 2.189239819668705955e+00
3.810240000000000000e+07 2.354736720489278401e+00
3.818880000000000000e+07 2.521016397272426879e+00
3.827520000000000000e+07 2.688029645186641670e+00
3.836160000000000000e+07 2.855727042324889720e+00
3.844800000000000000e+07 3.024058964329339627e+00
3.853440000000000000e+07 3.192975599076070203e+00
3.862080000000000000e+07 3.362426961415279081e+00
3.870720000000000000e+07 3.532362907962612653e+00
3.879360000000000000e+07 3.702733151937463774e+00
3.888000000000000000e+07 3.873487278043708848e+00
3.896640000000000000e+07 4.044574757388218700e+00
3.905280000000000000e+07 4.215944962433323617e+00
3.913920000000000000e+07 4.387547181978284527e+00
3.922560000000000000e+07 4.559330636165508821e+00
3.931200000000000000e+07 4.731244491507196948e+00
3.939840000000000000e+07 4.903237875927699996e+00
3.948480000000000000e+07 5.075259893817451129e+00
3.957120000000000000e+07 5.247259641093832805e+00
3.965760000000000000e+07 5.419186220264371912e+00
3.974400000000000000e+07 5.590988755488286444e+00
3.983040000000000000e+07 5.762616407631365512e+00
3.991680000000000000e+07 5.934018389310090846e+00
4.000320000000000000e+07 6.105143979920516273e+00
4.008960000000000000e+07 6.275942540647219126e+00
4.017600000000000000e+07 6.446363529448202456e+00
4.026240000000000000e+07 6.616356516011077993e+00
4.034880000000000000e+07 6.785871196676183104e+00
4.043520000000000000e+07 6.954857409322285910e+00
4.052160000000000000e+07 7.123265148210355946e+00
4.060800000000000000e+07 7.291044578781019858e+00
4.069440000000000000e+07 7.458146052401441572e+00
4.078080000000000000e+07 7.624520121057191346e+00
4.086720000000000000e+07 7.790117551984651278e+00
4.095360000000000000e+07 7.954889342239821914e+00
4.104000000000000000e+07 8.118786733199023331e+00
4.112640000000000000e+07 8.281761224987402414e+00
4.121280000000000000e+07 8.443764590830847183e+00
4.129920000000000000e+07 8.604748891327020033e+00
4.138560000000000000e+07 8.764666488631416286e+00
4.147200000000000000e+07 8.923470060554182126e+00
4.155840000000000000e+07 9.081112614563451757e+00
4.164480000000000000e+07 9.237547501691281582e+00
4.173120000000000000e+07 9.392728430337795587e+00
4.181760000000000000e+07 9.546609479969550449e+00
4.190400000000000000e+07 9.699145114708286997e+00
4.199040000000000000e+07 9.850290196805605802e+00
4.207680000000000000e+07 9.999999999999992895e+00
4.216320000000000000e+07 1.014823022275212949e+01
4.224960000000000000e+07 1.029493700135430956e+01
4.233600000000000000e+07 1.044007692291044620e+01
4.242240000000000000e+07 1.058360703818265414e+01
4.250880000000000000e+07 1.072548487430066722e+01
4.259520000000000000e+07 1.086566844733017945e+01
4.268160000000000000e+07 1.100411627469661013e+01
4.276800000000000000e+07 1.114078738746040109e+01
4.285440000000000000e+07 1.127564134244047445e+01
4.294080000000000000e+07 1.140863823418197320e+01
4.302720000000000000e+07 1.153973870676488822e+01
4.311360000000000000e+07 1.166890396545019470e+01
4.320000000000000000e+07 1.179609578815978921e+01
4.328640000000000000e+07 1.192127653678699772e+01
4.337280000000000000e+07 1.204440916833431530e+01
4.345920000000000000e+07 1.216545724587510158e+01
4.354560000000000000e+07 1.228438494933570269e+01
4.363200000000000000e+07 1.240115708609531708e+01
4.371840000000000000e+07 1.251573910139997992e+01
4.380480000000000000e+07 1.262809708858792490e+01
4.389120000000000000e+07 1.273819779912308547e+01
4.397760000000000000e+07 1.284600865243384149e+01
4.406400000000000000e+07 1.295149774555420308e+01
4.415040000000000000e+07 1.305463386256436742e+01
4.423680000000000000e+07 1.315538648382799103e+01
4.432320000000000000e+07 1.325372579502349701e+01
4.440960000000000000e+07 1.334962269596658935e+01
4.449600000000000000e+07 1.344304880922141976e+01
4.458240000000000000e+07 1.353397648849801982e+01
4.466880000000000000e+07 1.362237882683318446e+01
4.475520000000000000e+07 1.370822966455275171e+01
4.484160000000000000e+07 1.379150359701263717e+01
4.492800000000000000e+07 1.387217598211648095e+01
4.501440000000000000e+07 1.395022294760762271e+01
4.510080000000000000e+07 1.402562139813333530e+01
4.518720000000000000e+07 1.409834902207904683e+01
4.527360000000000000e+07 1.416838429817076594e+01
4.536000000000000000e+07 1.423570650184353426e+01
4.544640000000000000e+07 1.430029571137418642e+01
4.553280000000000000e+07 1.436213281377646567e+01
4.561920000000000000e+07 1.442119951045692261e+01
4.570560000000000000e+07 1.447747832262970213e+01
4.579200000000000000e+07 1.453095259648885218e+01
4.587840000000000000e+07 1.458160650813642611e+01
4.596480000000000000e+07 1.462942506826500910e+01
4.605120000000000000e+07 1.467439412659334153e+01
4.613760000000000000e+07 1.471650037605358108e+01
4.622400000000000000e+07 1.475573135672908620e+01
4.631040000000000000e+07 1.479207545954151470e+01
4.639680000000000000e+07 1.482552192968611848e+01
4.648320000000000000e+07 1.485606086981427687e+01
4.656960000000000000e+07 1.488368324296228984e+01
4.665600000000000000e+07 1.490838087522553224e+01
4.674240000000000000e+07 1.493014645817727981e+01
4.682880000000000000e+07 1.494897355103135972e+01
4.691520000000000000e+07 1.496485658254809259e+01
4.700160000000000000e+07 1.497779085268292576e+01
4.708800000000000000e+07 1.498777253397723008e+01
4.717440000000000000e+07 1.499479867269092281e+01
4.726080000000000000e+07 1.499886718967651689e+01
4.734720000000000000e+07 1.499997688099438164e+01
4.743360000000000000e+07 1.499812741826900364e+01
4.752000000000000000e+07 1.499331934878615513e+01
4.760640000000000000e+07 1.498555409533095428e+01
4.769280000000000000e+07 1.497483395576682952e+01
4.777920000000000000e+07 1.496116210235554256e+01
4.786560000000000000e+07 1.494454258081848330e+01
4.795200000000000000e+07 1.492498030913945328e+01
4.803840000000000000e+07 1.490248107610937112e+01
4.812480000000000000e+07 1.487705153961326587e+01
4.821120000000000000e+07 1.484869922466011083e+01
4.829760000000000000e+07 1.481743252115604470e+01
4.838400000000000000e+07 1.478326068142166960e+01
4.847040000000000000e+07 1.474619381745412738e+01
4.855680000000000000e+07 1.470624289793482120e+01
4.864320000000000000e+07 1.466341974498359058e+01
4.872960000000000000e+07 1.461773703066033114e+01
4.881600000000000000e+07 1.456920827321520662e+01
4.890240000000000000e+07 1.451784783308827365e+01
4.898880000000000000e+07 1.446367090866007743e+01
4.907520000000000000e+07 1.440669353175419154e+01
4.916160000000000000e+07 1.434693256289310703e+01
4.924800000000000000e+07 1.428440568630898255e+01
4.933440000000000000e+07 1.421913140471055570e+01
4.942080000000000000e+07 1.415112903380790677e+01
4.950720000000000000e+07 1.408041869659664336e+01
4.959360000000000000e+07 1.400702131740318457e+01
4.968000000000000000e+07 1.393095861569285887e+01
4.976640000000000000e+07 1.385225309964283547e+01
4.985280000000000000e+07 1.377092805948157661e+01
4.993920000000000000e+07 1.368700756059683954e+01
5.002560000000000000e+07 1.360051643641443242e+01
5.011200000000000000e+07 1.351148028104946874e+01
5.019840000000000000e+07 1.341992544173280244e+01
5.028480000000000000e+07 1.332587901101435257e+01
5.037120000000000000e+07 1.322936881874602300e+01
5.045760000000000000e+07 1.313042342384642147e+01
5.054400000000000000e+07 1.302907210584976916e+01
5.063040000000000000e+07 1.292534485624164731e+01
5.071680000000000000e+07 1.281927236958401650e+01
5.080320000000000000e+07 1.271088603443223874e+01
5.088960000000000000e+07 1.260021792404664609e+01
5.097600000000000000e+07 1.248730078690156731e+01
5.106240000000000000e+07 1.237216803699457301e+01
5.114880000000000000e+07 1.225485374395863758e+01
5.123520000000000000e+07 1.213539262298050581e+01
5.132160000000000000e+07 1.201382002452779219e+01
5.140800000000000000e+07 1.189017192388831745e+01
5.149440000000000000e+07 1.176448491052437362e+01
5.158080000000000000e+07 1.163679617724528192e+01
5.166720000000000000e+07 1.150714350920156015e+01
5.175360000000000000e+07 1.137556527270360718e+01
5.184000000000000000e+07 1.124210040386847886e+01
5.192640000000000000e+07 1.110678839709809296e+01
5.201280000000000000e+07 1.096966929339224350e+01
5.209920000000000000e+07 1.083078366849971808e+01
5.218560000000000000e+07 1.069017262091141163e+01
5.227200000000000000e+07 1.054787775969851715e+01
5.235840000000000000e+07 1.040394119219971358e+01
5.244480000000000000e+07 1.025840551156112923e+01
5.253120000000000000e+07 1.011131378413201887e+01
5.261760000000000000e+07 9.962709536721082060e+00
5.270400000000000000e+07 9.812636743715911436e+00
5.279040000000000000e+07 9.661139814070395460e+00
5.287680000000000000e+07 9.508263578163365537e+00
5.296320000000000000e+07 9.354053274532557083e+00
5.304960000000000000e+07 9.198554536487849376e+00
5.313600000000000000e+07 9.041813378607530538e+00
5.322240000000000000e+07 8.883876183121991232e+00
5.330880000000000000e+07 8.724789686188255899e+00
5.339520000000000000e+07 8.564600964060307575e+00
5.348160000000000000e+07 8.403357419158195896e+00
5.356800000000000000e+07 8.241106766040948273e+00
5.365440000000000000e+07 8.077897017287286374e+00
5.374080000000000000e+07 7.913776469287574500e+00
5.382720000000000000e+07 7.748793687952462150e+00
5.391360000000000000e+07 7.582997494341228162e+00
5.400000000000000000e+07 7.416436950215003598e+00
5.408640000000000000e+07 7.249161343518460754e+00
5.417280000000000000e+07 7.081220173794878114e+00
5.425920000000000000e+07 6.912663137538221925e+00
5.434560000000000000e+07 6.743540113487378029e+00
5.443200000000000000e+07 6.573901147866124894e+00
5.451840000000000000e+07 6.403796439573530286e+00
5.460480000000000000e+07 6.233276325329606848e+00
5.469120000000000000e+07 6.062391264779473765e+00
5.477760000000000000e+07 5.891191825561861606e+00
5.486400000000000000e+07 5.719728668345203104e+00
5.495040000000000000e+07 5.548052531836224155e+00
5.503680000000000000e+07 5.376214217765776127e+00
5.512320000000000000e+07 5.204264575855585662e+00
5.520960000000000000e+07 5.032254488771081391e+00
5.529600000000000000e+07 4.860234857064424929e+00
5.538240000000000000e+07 4.688256584112203917e+00
5.546880000000000000e+07 4.516370561052195143e+00
5.555520000000000000e+07 4.344627651724002781e+00
5.564160000000000000e+07 4.173078677617610310e+00
5.572800000000000000e+07 4.001774402834359812e+00
5.581440000000000000e+07 3.830765519065269409e+00
5.590080000000000000e+07 3.660102630590226447e+00
5.598720000000000000e+07 3.489836239303684806e+00
5.607360000000000000e+07 3.320016729770132180e+00
5.616000000000000000e+07 3.150694354314554690e+00
5.624640000000000000e+07 2.981919218152019990e+00
5.633280000000000000e+07 2.813741264560631894e+00
5.641920000000000000e+07 2.646210260102580758e+00
5.650560000000000000e+07 2.479375779897383669e+00
5.659200000000000000e+07 2.313287192951876570e+00
5.667840000000000000e+07 2.147993647550992868e+00
5.676480000000000000e+07 1.983544056714221071e+00
5.685120000000000000e+07 1.819987083721159138e+00
5.693760000000000000e+07 1.657371127711495529e+00
5.702400000000000000e+07 1.495744309362886604e+00
5.711040000000000000e+07 1.335154456651173049e+00
5.719680000000000000e+07 1.175649090697448163e+00
5.728320000000000000e+07 1.017275411705675481e+00
5.736960000000000000e+07 8.600802849954405360e-01
5.745600000000000000e+07 7.041102271337944529e-01
5.754240000000000000e+07 5.494113921701604397e-01
5.762880000000000000e+07 3.960295579786681230e-01
5.771520000000000000e+07 2.440101127117166868e-01
5.780160000000000000e+07 9.339804136894791498e-02
5.788800000000000000e+07 -5.576208751464140079e-02
5.797440000000000000e+07 -2.034261350571302529e-01
5.806080000000000000e+07 -3.495504050911621974e-01
5.814720000000000000e+07 -4.940916570943842956e-01
5.823360000000000000e+07 -6.370071189848065529e-01
5.832000000000000000e+07 -7.782544997780131979e-01
5.840640000000000000e+07 -9.177920021015442131e-01
5.849280000000000000e+07 -1.055578334563534781e+00
5.857920000000000000e+07 -1.191572723971441761e+00
5.866560000000000000e+07 -1.325734927397512308e+00
5.875200000000000000e+07 -1.458025244087264305e+00
5.883840000000000000e+07 -1.588404527207655015e+00
5.892480000000000000e+07 -1.716834195431222732e+00
5.901120000000000000e+07 -1.843276244352863635e+00
5.909760000000000000e+07 -1.967693257736113033e+00
5.918400000000000000e+07 -2.090048418584967038e+00
5.927040000000000000e+07 -2.210305520038863492e+00
5.935680000000000000e+07 -2.328428976086707181e+00
5.944320000000000000e+07 -2.444383832097429377e+00
5.952960000000000000e+07 -2.558135775163639991e+00
5.961600000000000000e+07 -2.669651144255266395e+00
5.970240000000000000e+07 -2.778896940180475283e+00
5.978880000000000000e+07 -2.885840835350666822e+00
5.987520000000000000e+07 -2.990451183346710451e+00
5.996160000000000000e+07 -3.092697028283582839e+00
6.004800000000000000e+07 -3.192548113970831380e+00
6.013440000000000000e+07 -3.289974892865730638e+00
6.022080000000000000e+07 -3.384948534816938803e+00
6.030720000000000000e+07 -3.477440935595875970e+00
6.039360000000000000e+07 -3.567424725213030001e+00
6.048000000000000000e+07 -3.654873276017404748e+00
6.056640000000000000e+07 -3.739760710575882996e+00
6.065280000000000000e+07 -3.822061909330855656e+00
6.073920000000000000e+07 -3.901752518033545059e+00
6.082560000000000000e+07 -3.978808954950714849e+00
6.091200000000000000e+07 -4.053208417842977695e+00
6.099840000000000000e+07 -4.124928890712274310e+00
6.108480000000000000e+07 -4.193949150316827357e+00
6.117120000000000000e+07 -4.260248772451369348e+00
6.125760000000000000e+07 -4.323808137991086653e+00
6.134400000000000000e+07 -4.384608438697103594e+00
6.143040000000000000e+07 -4.442631682782286262e+00
6.151680000000000000e+07 -4.497860700235209563e+00
6.160320000000000000e+07 -4.550279147901029830e+00
6.168960000000000000e+07 -4.599871514317783294e+00
6.177600000000000000e+07 -4.646623124306360708e+00
6.186240000000000000e+07 -4.690520143313218426e+00
6.194880000000000000e+07 -4.731549581504189916e+00
6.203520000000000000e+07 -4.769699297608415378e+00
6.212160000000000000e+07 -4.804958002511131809e+00
6.220800000000000000e+07 -4.837315262594302112e+00
6.229440000000000000e+07 -4.866761502824086705e+00
6.238080000000000000e+07 -4.893288009584253473e+00
6.246720000000000000e+07 -4.916886933254691172e+00
6.255360000000000000e+07 -4.937551290534203829e+00
6.264000000000000000e+07 -4.955274966507023038e+00
6.272640000000000000e+07 -4.970052716452283192e+00
6.281280000000000000e+07 -4.981880167396017356e+00
6.289920000000000000e+07 -4.990753819405211900e+00
6.298560000000000000e+07 -4.996671046623470502e+00
6.307200000000000000e+07 -4.999630098048061910e+00
6.315840000000000000e+07 -4.999630098048061910e+00
6.324480000000000000e+07 -4.996671046623470502e+00
6.333120000000000000e+07 -4.990753819405211900e+00
6.341760000000000000e+07 -4.981880167396019132e+00
6.350400000000000000e+07 -4.970052716452283192e+00
6.359040000000000000e+07 -4.955274966507026591e+00
6.367680000000000000e+07 -4.937551290534203829e+00
6.376320000000000000e+07 -4.916886933254687619e+00
6.384960000000000000e+07 -4.893288009584255249e+00
6.393600000000000000e+07 -4.866761502824086705e+00
6.402240000000000000e+07 -4.837315262594303888e+00
6.410880000000000000e+07 -4.804958002511133586e+00
6.419520000000000000e+07 -4.769699297608417154e+00
6.428160000000000000e+07 -4.731549581504191693e+00
6.436800000000000000e+07 -4.690520143313221979e+00
6.445440000000000000e+07 -4.646623124306364261e+00
6.454080000000000000e+07 -4.599871514317785071e+00
6.462720000000000000e+07 -4.550279147901040488e+00
6.471360000000000000e+07 -4.497860700235211340e+00
6.480000000000000000e+07 -4.442631682782295144e+00
6.488640000000000000e+07 -4.384608438697107147e+00
6.497280000000000000e+07 -4.323808137991090206e+00
6.505920000000000000e+07 -4.260248772451372901e+00
6.514560000000000000e+07 -4.193949150316825580e+00
6.523200000000000000e+07 -4.124928890712286744e+00
6.531840000000000000e+07 -4.053208417842981248e+00
6.540480000000000000e+07 -3.978808954950720178e+00
6.549120000000000000e+07 -3.901752518033550388e+00
6.557760000000000000e+07 -3.822061909330868090e+00
6.566400000000000000e+07 -3.739760710575870561e+00
6.575040000000000000e+07 -3.654873276017410078e+00
6.583680000000000000e+07 -3.567424725213045988e+00
6.592320000000000000e+07 -3.477440935595861760e+00
6.600960000000000000e+07 -3.384948534816965449e+00
6.609600000000000000e+07 -3.289974892865725309e+00
6.618240000000000000e+07 -3.192548113970836710e+00
6.626880000000000000e+07 -3.092697028283588168e+00
6.635520000000000000e+07 -2.990451183346706010e+00
6.644160000000000000e+07 -2.885840835350673927e+00
6.652800000000000000e+07 -2.778896940180482389e+00
6.661440000000000000e+07 -2.669651144255272612e+00
6.670080000000000000e+07 -2.558135775163645320e+00
6.678720000000000000e+07 -2.444383832097447140e+00
6.687360000000000000e+07 -2.328428976086714286e+00
6.696000000000000000e+07 -2.210305520038869709e+00
6.704640000000000000e+07 -2.090048418584960821e+00
6.713280000000000000e+07 -1.967693257736121026e+00
6.721920000000000000e+07 -1.843276244352897386e+00
6.730560000000000000e+07 -1.716834195431216514e+00
6.739200000000000000e+07 -1.588404527207689654e+00
6.747840000000000000e+07 -1.458025244087272299e+00
6.756480000000000000e+07 -1.325734927397520302e+00
6.765120000000000000e+07 -1.191572723971448866e+00
6.773760000000000000e+07 -1.055578334563542775e+00
6.782400000000000000e+07 -9.177920021015513186e-01
6.791040000000000000e+07 -7.782544997780203033e-01
6.799680000000000000e+07 -6.370071189848145465e-01
6.808320000000000000e+07 -4.940916570943780783e-01
6.816960000000000000e+07 -3.495504050912012772e-01
6.825600000000000000e+07 -2.034261350571222593e-01
6.834240000000000000e+07 -5.576208751463518354e-02
6.842880000000000000e+07 9.339804136893992137e-02
6.851520000000000000e+07 2.440101127117237922e-01
6.860160000000000000e+07 3.960295579786592413e-01
6.868800000000000000e+07 5.494113921701515579e-01
6.877440000000000000e+07 7.041102271337855711e-01
6.886080000000000000e+07 8.600802849954316542e-01
6.894720000000000000e+07 1.017275411705666599e+00
6.903360000000000000e+07 1.175649090697439281e+00
6.912000000000000000e+07 1.335154456651164168e+00
6.920640000000000000e+07 1.495744309362860847e+00
6.929280000000000000e+07 1.657371127711486203e+00
6.937920000000000000e+07 1.819987083721132937e+00
6.946560000000000000e+07 1.983544056714228176e+00
6.955200000000000000e+07 2.147993647550983543e+00
6.963840000000000000e+07 2.313287192951867244e+00
6.972480000000000000e+07 2.479375779897374343e+00
6.981120000000000000e+07 2.646210260102536793e+00
6.989760000000000000e+07 2.813741264560622124e+00
6.998400000000000000e+07 2.981919218152010664e+00
7.007040000000000000e+07 3.150694354314545365e+00
7.015680000000000000e+07 3.320016729770105091e+00
7.024320000000000000e+07 3.489836239303692800e+00
7.032960000000000000e+07 3.660102630590216677e+00
7.041600000000000000e+07 3.830765519065241875e+00
7.050240000000000000e+07 4.001774402834385569e+00
7.058880000000000000e+07 4.173078677617581889e+00
7.067520000000000000e+07 4.344627651723993012e+00
7.076160000000000000e+07 4.516370561052185373e+00
7.084800000000000000e+07 4.688256584112194147e+00
7.093440000000000000e+07 4.860234857064432923e+00
7.102080000000000000e+07 5.032254488771071621e+00
7.110720000000000000e+07 5.204264575855576780e+00
7.119360000000000000e+07 5.376214217765766357e+00
7.128000000000000000e+07 5.548052531836214385e+00
7.136640000000000000e+07 5.719728668345175571e+00
7.145280000000000000e+07 5.891191825561851836e+00
7.153920000000000000e+07 6.062391264779463995e+00
7.162560000000000000e+07 6.233276325329597078e+00
7.171200000000000000e+07 6.403796439573520516e+00
7.179840000000000000e+07 6.573901147866079597e+00
7.188480000000000000e+07 6.743540113487386023e+00
7.197120000000000000e+07 6.912663137538195279e+00
7.205760000000000000e+07 7.081220173794868344e+00
7.214400000000000000e+07 7.249161343518467859e+00
7.223040000000000000e+07 7.416436950214993828e+00
7.231680000000000000e+07 7.582997494341219280e+00
7.240320000000000000e+07 7.748793687952452380e+00
7.248960000000000000e+07 7.913776469287565618e+00
7.257600000000000000e+07 8.077897017287259729e+00
7.266240000000000000e+07 8.241106766040973142e+00
7.274880000000000000e+07 8.403357419158153263e+00
7.283520000000000000e+07 8.564600964060314681e+00
7.292160000000000000e+07 8.724789686188263005e+00
7.300800000000000000e+07 8.883876183121948600e+00
7.309440000000000000e+07 9.041813378607539420e+00
7.318080000000000000e+07 9.198554536487840494e+00
7.326720000000000000e+07 9.354053274532549977e+00
7.335360000000000000e+07 9.508263578163358432e+00
7.344000000000000000e+07 9.661139814070386578e+00
7.352640000000000000e+07 9.812636743715902554e+00
7.361280000000000000e+07 9.962709536721073178e+00
7.369920000000000000e+07 1.011131378413200999e+01
7.378560000000000000e+07 1.025840551156110436e+01
7.387200000000000000e+07 1.040394119219970470e+01
7.395840000000000000e+07 1.054787775969847985e+01
7.404480000000000000e+07 1.069017262091141873e+01
7.413120000000000000e+07 1.083078366849971097e+01
7.421760000000000000e+07 1.096966929339223462e+01
7.430400000000000000e+07 1.110678839709810006e+01
7.439040000000000000e+07 1.124210040386844334e+01
7.447680000000000000e+07 1.137556527270360007e+01
7.456320000000000000e+07 1.150714350920155304e+01
7.464960000000000000e+07 1.163679617724527660e+01
7.473600000000000000e+07 1.176448491052435408e+01
7.482240000000000000e+07 1.189017192388833699e+01
7.490880000000000000e+07 1.201382002452778330e+01
7.499520000000000000e+07 1.213539262298048627e+01
7.508160000000000000e+07 1.225485374395864469e+01
7.516800000000000000e+07 1.237216803699455347e+01
7.525440000000000000e+07 1.248730078690157441e+01
7.534080000000000000e+07 1.260021792404664076e+01
7.542720000000000000e+07 1.271088603443223164e+01
7.551360000000000000e+07 1.281927236958400940e+01
7.560000000000000000e+07 1.292534485624164198e+01
7.568640000000000000e+07 1.302907210584976383e+01
7.577280000000000000e+07 1.313042342384641614e+01
7.585920000000000000e+07 1.322936881874601767e+01
7.594560000000000000e+07 1.332587901101434724e+01
7.603200000000000000e+07 1.341992544173279711e+01
7.611840000000000000e+07 1.351148028104946341e+01
7.620480000000000000e+07 1.360051643641443597e+01
7.629120000000000000e+07 1.368700756059683243e+01
7.637760000000000000e+07 1.377092805948156418e+01
7.646400000000000000e+07 1.385225309964283014e+01
7.655040000000000000e+07 1.393095861569283933e+01
7.663680000000000000e+07 1.400702131740317924e+01
7.672320000000000000e+07 1.408041869659664691e+01
7.680960000000000000e+07 1.415112903380790144e+01
7.689600000000000000e+07 1.421913140471055215e+01
7.698240000000000000e+07 1.428440568630897900e+01
7.706880000000000000e+07 1.434693256289310170e+01
7.715520000000000000e+07 1.440669353175418266e+01
7.724160000000000000e+07 1.446367090866008098e+01
7.732800000000000000e+07 1.451784783308826476e+01
7.741440000000000000e+07 1.456920827321520839e+01
7.750080000000000000e+07 1.461773703066034003e+01
7.758720000000000000e+07 1.466341974498357814e+01
7.767360000000000000e+07 1.470624289793482298e+01
7.776000000000000000e+07 1.474619381745412561e+01
7.784640000000000000e+07 1.478326068142166783e+01
7.793280000000000000e+07 1.481743252115604470e+01
7.801920000000000000e+07 1.484869922466010905e+01
7.810560000000000000e+07 1.487705153961326232e+01
7.819200000000000000e+07 1.490248107610936934e+01
7.827840000000000000e+07 1.492498030913945151e+01
7.836480000000000000e+07 1.494454258081848153e+01
7.845120000000000000e+07 1.496116210235554078e+01
7.853760000000000000e+07 1.497483395576682774e+01
7.862400000000000000e+07 1.498555409533095428e+01
7.871040000000000000e+07 1.499331934878615513e+01
7.879680000000000000e+07 1.499812741826900364e+01
7.888320000000000000e+07 1.499997688099438164e+01
7.896960000000000000e+07 1.499886718967651689e+01
7.905600000000000000e+07 1.499479867269092281e+01
7.914240000000000000e+07 1.498777253397723008e+01
7.922880000000000000e+07 1.497779085268292576e+01
7.931520000000000000e+07 1.496485658254809437e+01
7.940160000000000000e+07 1.494897355103135794e+01
7.948800000000000000e+07 1.493014645817728159e+01
7.957440000000000000e+07 1.490838087522553579e+01
7.966080000000000000e+07 1.488368324296228629e+01
7.974720000000000000e+07 1.485606086981428220e+01
7.983360000000000000e+07 1.482552192968611671e+01
7.992000000000000000e+07 1.479207545954151648e+01
8.000640000000000000e+07 1.475573135672908798e+01
8.009280000000000000e+07 1.471650037605358285e+01
8.017920000000000000e+07 1.467439412659334508e+01
8.026560000000000000e+07 1.462942506826501088e+01
8.035200000000000000e+07 1.458160650813642789e+01
8.043840000000000000e+07 1.453095259648886284e+01
8.052480000000000000e+07 1.447747832262970569e+01
8.061120000000000000e+07 1.442119951045691906e+01
8.069760000000000000e+07 1.436213281377647633e+01
8.078400000000000000e+07 1.430029571137417754e+01
8.087040000000000000e+07 1.423570650184355202e+01
8.095680000000000000e+07 1.416838429817077660e+01
8.104320000000000000e+07 1.409834902207905039e+01
8.112960000000000000e+07 1.402562139813334774e+01
8.121600000000000000e+07 1.395022294760762094e+01
8.130240000000000000e+07 1.387217598211648628e+01
8.138880000000000000e+07 1.379150359701264250e+01
8.147520000000000000e+07 1.370822966455276593e+01
8.156160000000000000e+07 1.362237882683318979e+01
8.164800000000000000e+07 1.353397648849801627e+01
8.173440000000000000e+07 1.344304880922143575e+01
8.182080000000000000e+07 1.334962269596657336e+01
8.190720000000000000e+07 1.325372579502350234e+01
8.199360000000000000e+07 1.315538648382798570e+01
8.208000000000000000e+07 1.305463386256435143e+01
8.216640000000000000e+07 1.295149774555422972e+01
8.225280000000000000e+07 1.284600865243383616e+01
8.233920000000000000e+07 1.273819779912308903e+01
8.242560000000000000e+07 1.262809708858792845e+01
8.251200000000000000e+07 1.251573910139997636e+01
8.259840000000000000e+07 1.240115708609532419e+01
8.268480000000000000e+07 1.228438494933570624e+01
8.277120000000000000e+07 1.216545724587512112e+01
8.285760000000000000e+07 1.204440916833433661e+01
8.294400000000000000e+07 1.192127653678699239e+01
8.303040000000000000e+07 1.179609578815980875e+01
8.311680000000000000e+07 1.166890396545021424e+01
8.320320000000000000e+07 1.153973870676489710e+01
8.328960000000000000e+07 1.140863823418199452e+01
8.337600000000000000e+07 1.127564134244046912e+01
8.346240000000000000e+07 1.114078738746040997e+01
8.354880000000000000e+07 1.100411627469663145e+01
8.363520000000000000e+07 1.086566844733020076e+01
8.372160000000000000e+07 1.072548487430067432e+01
8.380800000000000000e+07 1.058360703818264703e+01
8.389440000000000000e+07 1.044007692291045331e+01
8.398080000000000000e+07 1.029493700135428824e+01
8.406720000000000000e+07 1.014823022275216857e+01
8.415360000000000000e+07 1.000000000000001599e+01
8.424000000000000000e+07 9.850290196805598697e+00
8.432640000000000000e+07 9.699145114708311866e+00
8.441280000000000000e+07 9.546609479969543344e+00
8.449920000000000000e+07 9.392728430337804468e+00
8.458560000000000000e+07 9.237547501691292240e+00
8.467200000000000000e+07 9.081112614563444652e+00
8.475840000000000000e+07 8.923470060554191008e+00
8.484480000000000000e+07 8.764666488631425167e+00
8.493120000000000000e+07 8.604748891327044902e+00
8.501760000000000000e+07 8.443764590830856065e+00
8.510400000000000000e+07 8.281761224987395309e+00
8.519040000000000000e+07 8.118786733199033989e+00
8.527680000000000000e+07 7.954889342239830796e+00
8.536320000000000000e+07 7.790117551984661048e+00
8.544960000000000000e+07 7.624520121057217992e+00
8.553600000000000000e+07 7.458146052401451342e+00
8.562240000000000000e+07 7.291044578781011865e+00
8.570880000000000000e+07 7.123265148210382591e+00
8.579520000000000000e+07 6.954857409322312556e+00
8.588160000000000000e+07 6.785871196676191985e+00
8.596800000000000000e+07 6.616356516011069999e+00
8.605440000000000000e+07 6.446363529448220220e+00
8.614080000000000000e+07 6.275942540647220014e+00
8.622720000000000000e+07 6.105143979920535813e+00
8.631360000000000000e+07 5.934018389310100616e+00
8.640000000000000000e+07 5.762616407631357518e+00
8.648640000000000000e+07 5.590988755488313977e+00
8.657280000000000000e+07 5.419186220264355036e+00
8.665920000000000000e+07 5.247259641093833693e+00
8.674560000000000000e+07 5.075259893817487544e+00
8.683200000000000000e+07 4.903237875927709766e+00
8.691840000000000000e+07 4.731244491507197836e+00
8.700480000000000000e+07 4.559330636165509709e+00
8.709120000000000000e+07 4.387547181978304067e+00
8.717760000000000000e+07 4.215944962433333387e+00
8.726400000000000000e+07 4.044574757388211594e+00
8.735040000000000000e+07 3.873487278043727500e+00
8.743680000000000000e+07 3.702733151937482425e+00
8.752320000000000000e+07 3.532362907962630860e+00
8.760960000000000000e+07 3.362426961415287963e+00
8.769600000000000000e+07 3.192975599076079973e+00
8.778240000000000000e+07 3.024058964329331634e+00
8.786880000000000000e+07 2.855727042324907927e+00
8.795520000000000000e+07 2.688029645186659877e+00
8.804160000000000000e+07 2.521016397272427767e+00
8.812800000000000000e+07 2.354736720489287727e+00
8.821440000000000000e+07 2.189239819668714837e+00
8.830080000000000000e+07 2.024574668006284828e+00
8.838720000000000000e+07 1.860789992569616302e+00
8.847360000000000000e+07 1.697934259879144925e+00
8.856000000000000000e+07 1.536055661566304575e+00
8.864640000000000000e+07 1.375202100112745462e+00
8.873280000000000000e+07 1.215421174675120675e+00
8.881920000000000000e+07 1.056760166999928252e+00
8.890560000000000000e+07 8.992660274319810298e-01
8.899200000000000000e+07 7.429853610209500303e-01
8.907840000000000000e+07 5.879644137303738916e-01
8.916480000000000000e+07 4.342490587526004475e-01
8.925120000000000000e+07 2.818847829342443490e-01
8.933760000000000000e+07 1.309166733157605123e-01
8.942400000000000000e+07 -1.861059621030847211e-02
8.951040000000000000e+07 -1.666527781193094526e-01
8.959680000000000000e+07 -3.131660643478149098e-01
8.968320000000000000e+07 -4.581070992572264799e-01
8.976960000000000000e+07 -6.014329924634997937e-01
8.985600000000000000e+07 -7.431013315289103360e-01
8.994240000000000000e+07 -8.830701945127064079e-01
9.002880000000000000e+07 -1.021298162376419683e+00
9.011520000000000000e+07 -1.157744331240513347e+00
9.020160000000000000e+07 -1.292368324488468723e+00
9.028800000000000000e+07 -1.425130304714681273e+00
9.037440000000000000e+07 -1.555990985513348690e+00
9.046080000000000000e+07 -1.684911643103651713e+00
9.054720000000000000e+07 -1.811854127788845581e+00
9.063360000000000000e+07 -1.936780875245459832e+00
9.072000000000000000e+07 -2.059654917638988891e+00
9.080640000000000000e+07 -2.180439894563489744e+00
9.089280000000000000e+07 -2.299100063801018834e+00
9.097920000000000000e+07 -2.415600311898440822e+00
9.106560000000000000e+07 -2.529906164558011206e+00
9.115200000000000000e+07 -2.641983796838971443e+00
9.123840000000000000e+07 -2.751800043166749532e+00
9.132480000000000000e+07 -2.859322407147263156e+00
9.141120000000000000e+07 -2.964519071183184806e+00
9.149760000000000000e+07 -3.067358905889152609e+00
9.158400000000000000e+07 -3.167811479303523470e+00
9.167040000000000000e+07 -3.265847065893737522e+00
9.175680000000000000e+07 -3.361436655352459724e+00
9.184320000000000000e+07 -3.454551961182266595e+00
9.192960000000000000e+07 -3.545165429066116758e+00
9.201600000000000000e+07 -3.633250245020994029e+00
9.210240000000000000e+07 -3.718780343332749538e+00
9.218880000000000000e+07 -3.801730414269222535e+00
9.227520000000000000e+07 -3.882075911569874194e+00
9.236160000000000000e+07 -3.959793059709461716e+00
9.244800000000000000e+07 -4.034858860933427493e+00
9.253440000000000000e+07 -4.107251102063585790e+00
9.262080000000000000e+07 -4.176948361071030291e+00
9.270720000000000000e+07 -4.243930013415535996e+00
9.279360000000000000e+07 -4.308176238148565318e+00
9.288000000000000000e+07 -4.369668023778544352e+00
9.296640000000000000e+07 -4.428387173896835449e+00
9.305280000000000000e+07 -4.484316312562206974e+00
9.313920000000000000e+07 -4.537438889442714895e+00
9.322560000000000000e+07 -4.587739184713189644e+00
9.331200000000000000e+07 -4.635202313707015520e+00
9.339840000000000000e+07 -4.679814231320737150e+00
9.348480000000000000e+07 -4.721561736170157175e+00
9.357120000000000000e+07 -4.760432474496962385e+00
9.365760000000000000e+07 -4.796414943824306221e+00
9.374400000000000000e+07 -4.829498496360605131e+00
9.383040000000000000e+07 -4.859673342150411912e+00
9.391680000000000000e+07 -4.886930551971381931e+00
9.400320000000000000e+07 -4.911262059976609251e+00
9.408960000000000000e+07 -4.932660666081417844e+00
9.417600000000000000e+07 -4.951120038093984377e+00
9.426240000000000000e+07 -4.966634713589156647e+00
9.434880000000000000e+07 -4.979200101524842381e+00
9.443520000000000000e+07 -4.988812483600597147e+00
9.452160000000000000e+07 -4.995469015357912212e+00
9.460800000000000000e+07 -4.999167727021951890e+00
