Scotland_W Rainfall (mm)
Areal series, starting from 1910
Allowances have been made for topographic, coastal and urban effects where relationships are found to exist.
Seasons: Winter=Dec-Feb, Spring=Mar-May, Summer=June-Aug, Autumn=Sept-Nov. (Winter: Year refers to Jan/Feb).
Values are ranked and displayed to 1 dp. Where values are equal, rankings are based in order of year descending.
Data are provisional from January 2018 and Winter 2018.  Last updated 02/12/2019.

Year    JAN    FEB    MAR    APR    MAY    JUN    JUL    AUG    SEP    OCT    NOV    DEC     WIN    SPR    SUM    AUT     ANN
1910  159.6  208.1   94.7  130.3   84.2   62.3  136.0  226.7   49.9   86.5  125.9  173.9     ---  309.2  425.0  262.3  1538.2
1911  116.9  208.0   55.7  127.7   95.0   86.3   97.9  106.1   85.4  119.4  195.8  276.7   498.8  278.4  290.3  400.7  1570.9
1912  147.8  117.8  172.6   74.3   57.5  165.4   93.7  127.1   90.4  158.2  150.9  305.4   542.3  304.5  386.1  399.5  1661.1
1913  169.7  110.7  186.9  131.2  119.7  108.0   33.1   53.6   81.4  111.9  207.0  152.1   585.8  437.8  194.8  400.3  1465.5
1914  141.1  225.1  173.6  103.3   68.2   39.5   85.6  143.2   77.6   67.6  197.0  254.9   518.3  345.2  268.3  342.2  1576.8
1915  150.4  223.3   87.8  118.7   36.6   53.5  135.4   83.7   47.2   95.1   83.1  207.8   628.5  243.1  272.6  225.3  1322.5
1916  220.2  182.2   51.9  122.7  137.5   66.0  106.5  119.8   62.7  244.8  184.4  170.3   610.2  312.0  292.3  491.9  1668.9
1917   87.6   39.0   84.4   70.2  107.1   90.9   59.5  164.0  120.4  279.2  250.4  108.7   297.0  261.7  314.4  650.0  1461.5
1918  170.8  223.2   58.6   33.8   83.1   60.3  116.6  126.8  200.7  225.2  191.7  206.2   502.7  175.5  303.6  617.5  1696.8
1919  148.0   31.3  125.8   97.2   35.8  137.0   42.3  116.8  142.4   57.1  138.1  269.8   385.5  258.8  296.1  337.7  1341.7
1920  225.4  206.1  170.6   81.5  166.2   72.1  132.6  148.1  104.9  103.9  159.5  157.8   701.2  418.3  352.9  368.3  1728.7
1921  277.0   53.7  235.0   55.9   94.6   26.7  141.2  179.3   84.6  155.1   99.9  260.5   488.5  385.5  347.2  339.6  1663.7
1922  177.1  181.2   74.6   93.1  136.2   92.0  125.9  108.3   86.0   81.8  118.0  162.1   618.8  303.9  326.2  285.8  1436.2
1923  181.4  180.0   75.3  113.3   76.5   67.3  150.2  223.8  229.6  245.9  164.9  182.4   523.5  265.2  441.3  640.4  1890.7
1924  174.7   45.8   29.6   99.5  127.2   89.1  151.6  147.3  195.5  118.1  126.6  248.7   402.9  256.2  387.9  440.2  1553.6
1925  157.3  157.7   73.9  171.7  208.7   31.8   76.8  120.4  117.1  156.4   53.3  139.5   563.7  454.3  229.0  326.7  1464.6
1926  232.6  166.9  127.8   80.9   94.4   94.3  118.2  147.8  136.7  191.9  214.7  103.4   539.0  303.2  360.3  543.4  1709.7
1927  231.1  105.4  129.6  118.5   90.2  138.5  127.2  159.1  204.0  184.0  174.0   43.2   439.9  338.2  424.7  561.9  1704.6
1928  355.7  161.2  151.7   75.6   44.7  159.2  121.1  157.9  125.8  256.1  231.5  182.9   560.1  272.0  438.2  613.4  2023.4
1929   63.2   68.3   35.2   50.3  118.3   98.9  134.9  196.7   65.9  220.9  235.2  362.7   314.4  203.9  430.4  521.9  1650.4
1930  244.2   11.9  105.8   63.5   65.2   99.7  107.9  213.0  118.4  260.0  201.5  180.9   618.8  234.6  420.7  579.9  1672.2
1931  180.7  156.7   36.1   72.3  111.8  177.4  141.9   67.7   54.5  140.6  268.1  177.5   518.4  220.2  387.0  463.2  1585.4
1932  269.2    3.1   93.0  133.8   85.1   56.1  142.3   79.3  161.3  228.4  158.9  273.0   449.8  311.9  277.7  548.5  1683.4
1933  182.0  140.4   98.5   94.1   84.7   80.6  138.7  124.6   37.2  119.4   80.2   55.8   595.5  277.4  343.9  236.8  1236.3
1934  228.7   30.1   96.1  114.0  111.4   77.2   91.6  157.2  202.2  254.9   53.2  243.4   314.6  321.4  325.9  510.4  1660.0
1935   97.3  196.7   72.4  109.6   25.9  125.9   72.4   96.8  212.1  299.9  181.3  118.2   537.4  207.9  295.1  693.3  1608.4
1936  150.2   88.4   94.0   42.2   69.3   71.3  170.7   96.6  132.0  179.5  140.6  243.5   356.8  205.4  338.6  452.1  1478.2
1937  225.1  173.4   52.9   81.2   58.7  100.5  148.0  105.4  120.5  112.6   38.2  100.1   642.0  192.8  353.8  271.2  1316.3
1938  253.3  115.1  151.9   22.1  113.8  186.9  162.4   93.5  140.4  296.7  297.5  159.1   468.5  287.8  442.8  734.6  1992.6
1939  137.3  210.0  130.7   74.1   36.6   80.0  174.7   66.0   88.8   79.9  265.7   99.2   506.3  241.4  320.7  434.4  1443.0
1940   79.8   70.0  151.8   83.9   49.5   39.6  144.7   81.8  146.7  195.2  217.1  216.2   249.1  285.2  266.1  559.0  1476.4
1941   30.1  128.8   87.3   66.7   80.4   36.0  110.0  173.3   74.8  156.9  146.7  105.7   375.1  234.4  319.4  378.5  1196.8
1942  204.7   69.9  105.5   77.6   97.1   61.2  126.5  176.1  196.2  202.8   48.6  247.2   380.3  280.2  363.8  447.7  1613.5
1943  189.4  171.1   85.3  130.6  115.9  128.3   92.4  200.0  126.5  286.7  113.3  106.6   607.6  331.7  420.7  526.5  1746.0
1944  194.2   66.4   37.4   97.5  109.0  126.1  106.4  109.1  167.0  179.8  237.4  200.2   367.2  243.9  341.6  584.2  1630.4
1945  128.9  226.6  114.6   70.2  138.7  136.2  110.7   65.6  180.0  166.9   20.9  150.8   555.7  323.5  312.6  367.8  1510.1
1946  222.3  111.8   95.5   62.9   35.8  118.7  132.5  126.8  218.7   20.8  203.1  178.8   484.9  194.3  377.9  442.6  1527.6
1947  168.0   21.9  126.9  213.3  128.1  123.4  137.6    3.2  165.5   76.1  236.1   92.3   368.6  468.3  264.3  477.7  1492.4
1948  242.2  152.0  147.6  105.4   50.1  157.3  127.3  204.3  224.1  217.0  137.3  230.9   486.5  303.1  488.9  578.5  1995.5
1949  185.8  169.7   84.9  183.3   73.9   39.1   74.9  150.9   80.0  226.8  198.1  300.5   586.4  342.2  264.9  504.9  1768.0
1950  132.6  164.0  118.4  130.3   55.6  101.2  178.1  192.4  326.7  173.4  134.7   80.1   597.1  304.4  471.7  634.8  1787.6
1951  188.1  112.8  114.8  102.9   54.8   64.0  115.5  169.5  139.4   50.8  250.1  281.7   381.0  272.5  349.0  440.2  1644.3
1952  178.6   62.3  112.6   80.5   65.0  108.2  107.7  156.7  105.8  167.7   84.8  176.9   522.6  258.1  372.6  358.4  1407.0
1953   95.2   80.3   42.2   89.0   92.8   48.7  187.5  138.5  197.9  134.0  263.8  172.2   352.5  224.1  374.7  595.6  1542.2
1954  176.5  140.9  121.2   56.3  113.6  129.6  130.0  151.1  228.7  295.1  270.9  239.0   489.6  291.2  410.7  794.6  2052.9
1955  114.1   94.4   56.4  100.6  106.2  101.3   47.4   49.0  157.0  135.7   83.6  236.6   447.5  263.2  197.7  376.3  1282.2
1956  122.6   54.1   78.7   53.7   92.3   99.1  169.3  191.9  151.2  128.2   96.3  235.3   413.2  224.7  460.4  375.7  1472.8
1957  228.4  121.1  154.9   72.8   71.6   74.6  155.9  148.6  120.5  183.6   79.0  187.1   584.8  299.2  379.1  383.1  1598.0
1958  190.8  117.3   41.6   65.2  110.8   97.4  140.7  155.9  145.9  153.3   67.8  182.5   495.2  217.6  394.0  367.0  1469.3
1959   69.6   63.6  105.1  118.6   45.0  102.6  177.7   50.0   53.7  192.3  215.7  261.6   315.7  268.7  330.3  461.7  1455.5
1960  139.6  159.4   71.8  138.6   71.6   81.7  130.8  127.3  103.5  101.7  220.4  195.1   560.5  282.1  339.9  425.6  1541.7
1961  149.2  158.9  101.6  132.0   68.5   79.6  123.0  196.7  195.3  227.6  134.4  114.8   503.2  302.1  399.3  557.2  1681.5
1962  287.3  141.4   57.4   87.6   75.2   90.2   86.2  223.8  207.9   91.7   95.9  167.9   543.4  220.3  400.3  395.5  1612.6
1963   21.1   33.6  208.2  102.6  139.1   92.7   89.4  126.4  134.6  191.9  220.7   57.0   222.6  449.9  308.5  547.2  1417.3
1964   85.3   43.3   64.2  108.2  124.9   98.5  111.3  147.2  175.7  132.0  153.2  201.3   185.5  297.3  356.9  460.9  1445.0
1965  186.2   28.9   98.7  118.0   94.0  144.8  118.2  142.9  172.7  161.2   87.8  200.6   416.3  310.7  405.9  421.6  1553.9
1966   99.2  146.3  144.9   83.4  120.1  124.3   60.6  104.5  156.5  117.3  153.5  247.2   446.1  348.3  289.4  427.3  1557.7
1967  130.6  151.5  179.7   82.3  141.8   84.2  135.1   95.1  166.1  291.1  132.0  128.2   529.4  403.7  314.5  589.2  1717.7
1968  160.6   74.0  168.7   65.4   96.3   62.5   91.0   83.3  175.5  230.4  110.6   81.2   362.8  330.4  236.7  516.5  1399.5
1969  138.2   59.1   30.6   62.5   92.7  100.2   98.1   79.2  108.5  145.1  193.9  146.9   278.6  185.8  277.5  447.5  1255.1
1970  126.4  148.5   88.6  112.0   77.9   78.2  160.4  101.4  194.6  219.7  208.0   89.8   421.8  278.4  339.9  622.3  1605.4
1971  128.7  125.5   90.7   58.5   72.4   71.0   82.1  115.8   64.7  189.7  149.0  114.3   344.1  221.6  268.9  403.4  1262.6
1972  173.4  100.7   88.8  170.8  134.8  144.0   71.7   76.9   26.1   82.9  190.1  169.7   388.5  394.4  292.5  299.2  1430.0
1973  139.4  124.0   81.3   75.7   97.6   95.5   81.7  115.2   93.2   79.7  165.4  200.6   433.2  254.7  292.4  338.2  1349.3
1974  310.2  142.1   74.1   10.5   80.8   75.6  114.4  113.7  181.5   80.3  220.9  272.4   652.9  165.4  303.8  482.6  1676.4
1975  309.8   60.5   54.8   90.2   34.3   67.0  114.3   74.3  205.8  115.2  166.4   87.1   642.7  179.3  255.6  487.3  1379.5
1976  210.1  108.5  148.6   71.8  152.7   85.7   70.6   22.0  120.9  183.1  178.3  106.1   405.7  373.0  178.3  482.3  1458.4
1977  121.8  138.9  160.4  133.8   61.1   54.7   67.2  117.6  201.7  239.6  203.9  116.0   366.8  355.3  239.5  645.1  1616.7
1978  172.5   97.6  209.0   29.5   19.7   68.7   91.1  104.5  234.9  111.3  231.0  138.6   386.1  258.1  264.2  577.1  1508.1
1979  136.7   41.3  185.3   87.9   75.8   65.4  104.4  160.9  156.0  183.9  259.7  201.7   316.5  348.9  330.8  599.6  1658.9
1980  109.7  122.7  116.2   12.5   24.9  149.7  136.1  161.3  243.4  196.1  168.4  261.2   434.1  153.6  447.1  607.9  1702.0
1981  194.4  104.7  177.3   33.4  103.7  114.2  107.5   54.5  267.7  219.1  248.2   67.0   560.3  314.4  276.3  735.0  1691.8
1982  181.6  146.0  176.2   42.6   91.4   86.6   48.3  161.6  221.3  205.8  262.1  242.1   394.6  310.2  296.5  689.2  1865.6
1983  253.7   57.2  185.4   61.5  104.8   82.1   52.2   47.2  175.3  301.2   53.4  223.5   553.0  351.7  181.5  530.0  1597.6
1984  250.6  127.0   80.1   58.3   17.6   73.3   53.1   64.8  176.0  255.3  231.3  186.3   601.1  156.0  191.2  662.5  1573.6
1985   69.0   49.1   93.3  104.8   63.8   73.2  211.5  282.2  261.7   94.0  132.5  210.1   304.5  262.0  566.9  488.1  1645.3
1986  201.0    7.4  205.8   86.8  212.9   65.2   98.6  127.0   56.2  199.8  282.7  333.0   418.4  505.6  290.9  538.7  1876.4
1987   77.8   98.2  179.2   70.3   75.8  100.7  119.0  160.6  175.5  196.6  126.0  182.9   508.9  325.3  380.3  498.1  1562.6
1988  232.7  154.3  195.5   77.3   61.1   31.0  218.3  207.2  180.9  182.4  108.4  172.1   569.9  333.9  456.6  471.7  1821.2
1989  207.2  230.6  217.6   80.7   42.3   83.5   56.0  228.6  107.0  215.2   68.9  106.3   609.9  340.6  368.1  391.1  1644.0
1990  294.4  318.8  236.6  110.4   60.3  129.3   87.5  133.6  146.9  266.7   87.5  211.9   719.5  407.3  350.4  501.2  2084.0
1991  173.0   91.4  150.9  169.5   29.0  122.8   99.2   80.0  133.7  183.2  250.0  189.9   476.3  349.5  302.1  567.0  1672.8
1992  145.6  206.8  248.9  142.3   83.3   36.0  113.5  256.2  185.3  125.9  238.4  157.1   542.4  474.5  405.8  549.6  1939.4
1993  315.3   62.1  146.6  157.9  123.0   74.7  128.2   82.7   81.6   61.1  106.2  293.1   534.4  427.6  285.6  248.9  1632.6
1994  249.8  109.0  269.3  143.5   34.7  128.3   98.2  135.2   93.9  125.6  184.2  295.9   651.9  447.6  361.8  403.7  1867.8
1995  247.7  229.4  178.1   57.5   82.3   43.4  115.3   35.0  126.5  303.7  117.9   47.3   773.0  317.9  193.7  548.1  1584.1
1996  123.7  171.2   65.6  136.8   86.1   86.4   90.0   65.9   72.7  281.0  203.1   94.3   342.3  288.6  242.4  556.8  1477.0
1997   54.8  293.4  139.6   87.7   97.4   75.9   97.5   64.6  145.7  109.2  144.6  233.3   442.6  324.7  238.0  399.5  1543.7
1998  177.3  216.3  133.1   95.2   55.5  122.4  175.1  183.9   92.4  283.5  207.5  203.7   626.9  283.8  481.4  583.4  1945.9
1999  259.9  148.3  138.8  126.3  117.7  116.0  105.7   79.5  198.7  112.6  214.2  327.6   611.9  382.8  301.2  525.5  1945.2
2000  211.1  226.3  141.1   71.4   63.2   82.8   60.1  132.1  214.2  279.4  175.3  233.4   765.0  275.7  274.9  669.0  1890.5
2001  122.8   96.7   77.2   88.3   40.7  102.5  120.0  129.0  115.1  258.2  169.7  109.9   452.9  206.2  351.4  543.0  1430.1
2002  242.9  290.9  141.4  113.7  148.2  182.8  119.3  105.1   65.7  209.5  212.2   85.7   643.7  403.3  407.2  487.4  1917.5
2003  165.0   82.3   92.0   60.0  157.5   94.6  110.1   49.5  101.4   69.9  223.4  183.9   333.0  309.5  254.3  394.7  1389.6
2004  249.6   95.6  119.8  131.5   67.1  139.5   89.4  220.3  220.6  217.0  128.0  230.7   529.1  318.3  449.1  565.5  1908.9
2005  253.3  105.0  115.6  135.0  136.3  115.7   44.1  146.4  160.9  220.8  154.8  111.4   589.1  387.0  306.2  536.5  1699.5
2006  140.7   94.8  159.9  116.0  139.1   91.6   82.1  106.3  200.4  186.9  316.0  310.5   346.8  415.1  280.0  703.4  1944.4
2007  266.5  141.6  156.3   64.3  122.8  131.3  121.0  147.9  111.3  125.2  151.4  167.3   718.6  343.4  400.2  388.0  1707.0
2008  309.6  176.8  197.0   85.9   30.0  121.9  139.9  189.1  133.4  296.0  143.5  159.8   653.7  312.9  450.9  572.8  1982.8
2009  214.3   62.8  156.2  116.1  144.8   69.8  174.6  297.5  124.4  174.2  340.2  115.1   436.9  417.1  541.9  638.9  1990.1
2010   88.7   75.1  115.4  102.8   40.6   39.6  189.4  106.4  170.6  184.2  198.8   58.3   278.8  258.8  335.3  553.6  1369.8
2011  163.1  222.9  112.2   91.6  229.0  116.5   97.3  160.1  240.0  296.1  237.7  331.2   444.3  432.9  373.9  773.9  2297.9
2012  214.7  140.1   72.5   85.5   82.0  175.6  158.2  174.1  178.7  179.1  209.8  243.0   686.0  239.9  507.9  567.6  1913.2
2013  189.4   89.7   51.3  127.3  136.4   75.4  100.1   98.7  130.5  243.8  130.5  344.4   522.1  315.0  274.3  504.7  1717.5
2014  280.3  295.3  167.6  100.3  130.5   58.2  107.7  158.7   28.4  279.6  161.8  274.5   919.9  398.4  324.6  469.8  2042.8
2015  292.2  155.1  207.6   87.5  176.7  107.8  177.9  137.1   47.0  110.5  328.4  383.5   721.8  471.8  422.8  486.0  2211.3
2016  270.7  208.4  100.2  110.8   86.9   81.0  156.1  140.7  186.0   60.1  135.4  151.5   862.6  297.9  377.9  381.5  1688.0
2017  122.2  188.9  161.7   49.0   68.5  172.8  143.8  179.9  174.6  222.8  160.9  172.2   462.7  279.1  496.4  558.3  1817.1
2018  248.4  116.7  103.7  109.0   55.9   91.5  101.9  146.6  176.6  171.6  221.9  171.2   537.2  268.7  340.1  570.1  1715.0
2019   95.9  130.4  225.3   56.1   90.3  107.7  169.8  274.8  176.6  186.9   94.1          397.4  371.6  552.3  457.7