Scotland_N Rainfall (mm)
Areal series, starting from 1910
Allowances have been made for topographic, coastal and urban effects where relationships are found to exist.
Seasons: Winter=Dec-Feb, Spring=Mar-May, Summer=June-Aug, Autumn=Sept-Nov. (Winter: Year refers to Jan/Feb).
Values are ranked and displayed to 1 dp. Where values are equal, rankings are based in order of year descending.
Data are provisional from January 2018 and Winter 2018.  Last updated 02/12/2019.

Year    JAN    FEB    MAR    APR    MAY    JUN    JUL    AUG    SEP    OCT    NOV    DEC     WIN    SPR    SUM    AUT     ANN
1910  184.1  142.5  101.4  191.5  109.4   59.2  105.5  157.3   62.1  101.0  183.9  162.3     ---  402.3  322.0  347.0  1560.1
1911  118.1  188.2   97.7  122.3   80.8   86.1  119.3  101.4  122.2   83.4  209.3  185.9   468.6  300.8  306.7  414.9  1514.6
1912  109.0  114.1  143.3  142.0   86.8  107.0   83.7  156.8   74.5  161.2  225.0  303.0   409.0  372.1  347.4  460.6  1706.3
1913   90.4  119.7  182.4   99.8   96.0  123.2   38.5   52.4   80.9  130.4  245.1  191.1   513.1  378.2  214.1  456.4  1449.9
1914  174.0  151.8  125.3  117.2  108.0   58.7  106.9  108.9  105.3   55.4  224.8  216.7   516.9  350.4  274.6  385.4  1552.9
1915  185.4  125.1  123.8  166.7   32.4   29.5  132.3   84.9  121.9   45.8  138.3  157.3   527.2  322.8  246.7  306.0  1343.3
1916  266.7  180.0   78.5  107.9  120.9   99.4   87.6   70.4   61.7  257.9  165.2  133.2   604.0  307.3  257.4  484.9  1629.5
1917  135.1   34.5  100.1   98.4   64.5  108.7   51.5  147.3  163.9  286.4  295.4  107.2   302.8  263.0  307.5  745.7  1593.1
1918  140.2  192.1   56.0   51.3   69.4   85.6  162.0  161.6  177.9  168.1  166.2  170.5   439.5  176.8  409.2  512.1  1600.9
1919  114.4   44.1  126.5  162.4   30.5  140.3   52.2  135.1  171.9  108.1  169.8  173.8   329.0  319.5  327.5  449.8  1429.1
1920  224.9  239.7  157.5   95.4  123.5   47.3  101.9   79.2  116.9   50.6  177.2  106.3   638.3  376.5  228.5  344.6  1520.4
1921  249.1   78.8  188.9   61.5  109.4   45.4   96.0   99.3  112.2  163.8   71.2  290.8   434.1  359.8  240.7  347.3  1566.3
1922  149.2  170.5   94.4  108.1  168.3   76.0  106.1  126.2   77.0   76.6  130.2  168.9   610.6  370.8  308.3  283.9  1451.6
1923  252.8   91.4   43.0   95.1  131.9   85.5  134.2  169.9  171.6  234.6  168.8  160.2   513.1  270.0  389.6  575.0  1739.1
1924  118.0   98.0   52.6   80.3  103.5  106.6  143.6  152.1  179.8  135.3  106.1  235.4   376.2  236.4  402.4  421.2  1511.4
1925  162.6  162.1  112.1  116.2  133.4   43.4   79.1   71.8  130.9  129.0   60.9  152.0   560.1  361.6  194.3  320.8  1353.5
1926  178.0   90.4  186.5   93.6   86.6   72.1   62.0  115.2  144.5  178.0  155.2  173.2   420.4  366.7  249.4  477.6  1535.4
1927  246.2   80.2   94.7  189.1   81.4  129.7   89.7  101.0  179.2  204.9  163.3   23.7   499.6  365.2  320.4  547.4  1583.2
1928  308.9  179.2   95.2   73.3   52.5  105.5  112.6  111.2  126.1  179.9  211.0  158.3   511.8  221.0  329.4  516.9  1713.7
1929   48.6   25.7   34.8   76.5   93.1   99.7   90.5  162.6  144.4  254.2  176.9  235.1   232.6  204.4  352.8  575.5  1442.1
1930  226.8   21.9   85.7   65.7   87.6   94.4   75.4  173.0  115.2  214.1  197.9  132.8   483.9  239.0  342.9  527.2  1490.6
1931  192.9  166.0   37.0   96.2  122.7  113.1  131.4   50.8   53.1  142.9  133.3  190.8   491.7  255.9  295.3  329.4  1430.3
1932  283.0   16.9   95.3  153.2   86.3   25.6  131.4  114.3  167.2  200.8  206.0  149.3   490.7  334.7  271.3  574.0  1629.2
1933  164.5  125.2   64.8  126.7   39.9   71.7   94.6  136.4   35.0  192.7   65.7   30.7   439.0  231.5  302.6  293.5  1148.0
1934  196.1   71.7  104.7  167.0  104.4   56.9  142.8  127.4  140.1  212.9   69.4  130.8   298.5  376.1  327.1  422.4  1524.2
1935  145.9  188.1  100.3   98.6   42.2   98.2   92.5  133.7  209.9  280.9  129.5   98.5   464.7  241.2  324.4  620.4  1618.4
1936  112.8   70.0   60.1   58.0   46.9   43.4  150.0   98.4  117.5  190.0  105.8  248.6   281.3  165.0  291.8  413.3  1301.5
1937  204.3  138.2   58.0   39.4   62.4   88.0  106.0  113.7  122.3   84.4   56.0   66.2   591.1  159.8  307.7  262.7  1138.8
1938  244.7  141.8  187.1   45.8  100.1  159.1  150.5  110.3  125.7  270.7  262.9  145.5   452.6  333.0  419.8  659.2  1944.0
1939  144.9  184.3  123.1   85.4   41.9   59.1  196.2   75.6   65.9   75.8  211.1  109.1   474.6  250.3  330.9  352.8  1372.3
1940   46.7   68.8  108.5  107.1   58.8   49.9  205.6  109.6  108.6  152.9  233.2  184.2   224.6  274.4  365.1  494.7  1433.9
1941   58.2  123.6   60.0   75.9   60.4   29.4  112.7  183.4   63.7  160.8  154.4  167.6   366.0  196.3  325.5  378.9  1250.1
1942  142.2   97.0   52.9   58.9   76.3   71.7  129.2  148.8  183.6  236.7   87.9  226.3   406.8  188.2  349.6  508.2  1511.6
1943  126.1  186.6  113.2  155.4  101.3  100.6  106.9  160.4  129.1  216.2  159.6   99.5   539.0  369.8  367.9  504.9  1654.8
1944  224.8  103.7  100.7   86.5  117.4  133.6   51.1  102.8  125.3  167.7  171.3  170.4   428.0  304.6  287.5  464.2  1555.3
1945  144.4  169.1  111.8   74.1  106.6  118.9   88.6   89.1  139.5  130.7   34.3  165.0   483.9  292.5  296.6  304.5  1372.1
1946  159.8  150.8   71.3   88.9   45.6  125.9  181.8  121.2  184.2   20.8  153.8  130.3   475.6  205.8  429.0  358.8  1434.5
1947  109.8   19.9   54.8  214.1   65.9  114.9   94.0    5.9  199.8   91.4  268.3  103.5   260.0  334.8  214.7  559.5  1342.2
1948  154.3  147.9  120.9  125.1   77.5  122.5  116.7  163.6  196.6  196.4  143.2  188.1   405.8  323.5  402.8  536.2  1753.0
1949  244.2  180.9  113.0  169.8   93.6   50.4   65.1  181.8   97.8  154.8  154.7  319.5   613.3  376.4  297.3  407.3  1825.6
1950  153.7  156.4  110.3  171.6   55.2  112.4  124.1  134.3  271.7  152.1  158.7  123.1   629.5  337.0  370.8  582.5  1723.5
1951  169.0  117.0   94.8  164.3   20.6   67.4  128.6  145.5   89.1   93.3  198.9  237.7   409.1  279.7  341.5  381.4  1526.3
1952  154.7   96.1  122.6   70.0   75.8  101.4   83.2  149.7  129.9  161.4  134.1  169.4   488.5  268.4  334.3  425.5  1448.5
1953  118.3  123.4   63.6  125.0  110.5   64.9  157.2  133.3  135.6  105.0  227.7  160.9   411.0  299.1  355.4  468.3  1525.3
1954  138.6  107.0  101.4   65.2  114.2  116.6  109.1   99.3  167.6  265.1  194.7  273.4   406.4  280.8  325.1  627.5  1752.3
1955  111.6  118.2   54.5   81.5  102.2   71.1   22.3   36.1  162.2  195.3   67.6  246.2   503.2  238.1  129.5  425.1  1268.7
1956  156.8  102.4   64.6   98.8  116.4   88.4  176.6  150.3  128.7  172.6  156.5  235.0   505.3  279.8  415.3  457.8  1646.9
1957  231.1  110.1  150.5   64.7   53.9   92.2  152.7  163.8  115.7  179.5   96.6  232.0   576.3  269.0  408.7  391.8  1642.7
1958  182.4  120.8   66.6   86.8  156.8   60.6   76.9  125.5  100.3  183.2   60.2  128.7   535.2  310.3  263.0  343.7  1348.9
1959  175.8   64.3   93.9  132.7   57.3  105.8  154.8  101.7   65.0  201.4  179.8  180.1   368.8  283.9  362.4  446.2  1512.7
1960  106.9  116.1   35.3   96.0   37.0   85.5   76.9  137.3   88.4   65.6  100.0  166.7   403.1  168.3  299.7  254.0  1111.6
1961  112.1  156.7  134.0   65.5   56.5  102.4  124.8  149.6  146.6  210.5  137.0  117.0   435.5  256.0  376.7  494.0  1512.6
1962  243.8  175.1   76.4   69.6  115.5  105.2   54.2  209.2  103.2  112.9   90.7  189.9   536.0  261.5  368.6  306.7  1545.7
1963   39.9   15.3  118.0   74.2  129.4   80.6   78.6  121.3  137.9  157.7  139.0   74.3   245.1  321.6  280.5  434.6  1166.2
1964   88.8   60.4   35.4  116.4  114.8   79.1  118.9  152.4  159.3  106.1  172.4  178.5   223.5  266.6  350.4  437.7  1382.4
1965  176.7   59.9   78.3  128.5   85.0  114.5   95.5  125.1  154.2  150.0  117.7  156.4   415.2  291.8  335.0  421.9  1441.8
1966   67.6   96.7  195.8   43.1  116.4  145.5   87.3   70.1  112.6  132.8  183.9  304.2   320.6  355.3  302.9  429.4  1556.0
1967  124.9  141.9  291.5   92.0   83.0   81.3   97.9   95.9  132.9  253.1  156.9  190.1   570.9  466.5  275.0  542.9  1741.3
1968  166.2   72.5  189.0   64.1   88.9   87.2   99.9   59.9   74.1  207.8   68.0   76.9   428.8  342.0  247.0  349.8  1254.4
1969  132.1   89.8   38.0   83.9   74.8   64.6  100.7   93.4  188.7  183.7  177.3  106.4   298.8  196.7  258.7  549.8  1333.4
1970   70.7  165.1  151.9  110.3   90.0   64.9  154.6  122.1  142.9  261.5  201.8  104.5   342.1  352.1  341.5  606.2  1640.1
1971  134.1  102.3  115.6   51.2   81.4   73.5   66.3   85.8   68.8  197.2  195.2  186.7   340.9  248.2  225.7  461.3  1358.3
1972  103.9   70.5   58.5  112.8   88.8  117.0   51.6   96.5   48.8   89.0  198.5  135.9   361.1  260.0  265.1  336.3  1171.8
1973  105.7  154.5  104.8   94.1  100.9  118.4   81.6  121.3  134.6   88.5  246.2  196.4   396.1  299.7  321.3  469.3  1546.9
1974  235.9  131.0   51.3    9.3   79.1   70.9  116.8   96.1  137.6  138.0  213.6  306.1   563.4  139.7  283.8  489.1  1585.7
1975  256.2   38.6   77.1  129.5   49.5   70.5  104.6   82.9  169.1   75.5  163.0  172.1   600.9  256.1  258.0  407.7  1388.6
1976  257.5  118.0  132.0   75.7   91.2   90.5   69.1   20.9  107.2  157.6  129.3   86.8   547.5  298.9  180.5  394.1  1335.7
1977  117.0   86.4  124.9  165.5   84.6   70.1   66.2   84.0  153.9  155.7  276.1   77.0   290.2  375.0  220.3  585.7  1461.3
1978  159.8   74.3  175.8   42.3   40.5   67.3   74.0   79.9  207.8  178.7  254.3   75.9   311.1  258.5  221.1  640.8  1430.5
1979  134.4   61.0  213.9   96.7   96.9   98.4  122.5  102.7  167.5  114.8  246.5  205.3   271.3  407.5  323.6  528.7  1660.6
1980  121.9   72.2   79.6   31.6   22.4  130.1  121.8  114.4  214.5  216.3  216.3  257.6   399.4  133.6  366.3  647.1  1598.7
1981  214.1  114.6  134.9   38.1   57.6   99.3   79.6   74.8  225.7  253.6  303.6   83.8   586.3  230.6  253.7  782.9  1679.6
1982  146.3  114.2  166.2   56.3  107.5   26.6   58.1  182.5  216.1  152.6  242.2  224.2   344.2  330.0  267.2  610.9  1692.8
1983  298.3   65.1  183.9   60.9   58.6   76.5   58.4   60.3  175.4  289.4   73.2  281.7   587.7  303.4  195.2  538.0  1681.8
1984  210.1  113.3   93.1   90.8   22.8   63.6   57.4   50.1  176.8  230.0  192.0  180.6   605.1  206.7  171.2  598.8  1480.7
1985   93.2   60.8   98.6  125.1   70.2   77.4  139.3  201.2  166.5   99.2  162.9  206.2   334.6  293.8  417.9  428.5  1500.4
1986  211.6   17.3  192.4   69.8  163.6   54.0   90.0  106.1   88.4  178.9  256.5  287.0   435.0  425.9  250.0  523.9  1715.7
1987   74.3   92.9  161.2   55.9   80.1   82.5  109.4   95.7  170.8  148.4  128.6  142.7   454.2  297.2  287.6  447.8  1342.5
1988  187.2  153.7  182.8   69.3   47.3   35.9  167.1  169.9  153.0  163.1  104.3  188.1   483.7  299.4  372.9  420.4  1621.8
1989  267.8  302.9  199.6   57.7   63.6   78.3   60.0  185.0  105.3  218.0   69.8   99.5   758.8  320.8  323.3  393.2  1707.5
1990  252.2  313.4  335.9  118.4   50.2  125.3   82.0  136.6  196.9  188.2  130.1  208.4   665.1  504.6  343.9  515.2  2137.6
1991  156.2   64.9  120.7  109.7   56.9  110.2   91.5   77.4  158.6  171.1  257.3  142.3   429.4  287.3  279.0  587.0  1516.8
1992  167.7  200.6  210.9  121.8   91.7   43.9   88.9  219.1  186.0  140.1  241.7  201.1   510.6  424.3  351.9  567.7  1913.3
1993  339.8  103.7  132.2   76.1   83.4   79.5  123.6   76.3   49.3  127.7   64.5  234.7   644.7  291.8  279.4  241.5  1490.9
1994  230.7   67.5  289.1  154.1   32.4  127.9   55.4   95.5  142.5  104.9  150.0  258.1   532.9  475.7  278.7  397.3  1708.0
1995  260.6  225.6  159.9   85.7   78.9   42.1   88.7   40.9  223.4  211.9  139.6   51.9   744.3  324.5  171.7  574.9  1609.2
1996   55.9  131.2   51.7   97.7   75.9   70.2   83.4   71.9   76.9  232.5  228.7  100.1   239.0  225.2  225.5  538.1  1276.0
1997   82.3  298.2  181.4   99.9  105.4   85.6   91.9   71.6  124.7   80.2  114.0  173.3   480.6  386.7  249.2  318.8  1508.4
1998  185.1  274.8  143.2  100.6   54.3  110.4  136.9  119.1   82.6  234.6  187.6  204.9   633.2  298.2  366.5  504.9  1834.3
1999  237.3  179.2  152.4  109.7  114.0  124.0   85.7   62.5  162.4  147.8  224.5  278.0   621.4  376.1  272.2  534.7  1877.5
2000  247.2  232.6  152.1  101.4   61.1   80.1   44.7   97.0   98.2  238.3  183.3  171.8   757.8  314.6  221.8  519.9  1707.9
2001   82.5  104.4   70.4   76.9   59.0   96.2   99.3  115.0  129.2  276.6  191.8  157.1   358.7  206.3  310.5  597.5  1458.3
2002  238.9  268.1  150.1  100.3   88.1  126.3  123.8   69.6   53.9  150.5  141.7   48.2   664.0  338.5  319.7  346.1  1559.3
2003  215.6   69.5  101.1   63.0  147.1   81.7   73.7   60.1  103.2  106.1  154.6  200.3   333.3  311.2  215.6  364.0  1376.2
2004  241.7  153.6  107.2  131.5   67.2  135.8   78.5  158.5  213.6  200.0  164.9  250.3   595.5  305.8  372.8  578.5  1902.6
2005  301.3  135.6  139.1  127.9  117.3  114.3   60.7  173.2  184.4  165.1  225.2  106.0   687.2  384.3  348.2  574.7  1850.1
2006  121.8   95.6  129.1  154.4  122.3   83.9   77.1  102.2  136.8  241.5  255.9  298.4   323.4  405.8  263.3  634.2  1819.1
2007  297.5  135.5  169.5   68.9  157.4   79.3  142.5  161.8  127.4  125.1  191.7  164.6   731.4  395.8  383.6  444.1  1821.0
2008  285.1  206.7  187.6  108.0   20.4  110.0   86.2  121.2  102.9  269.4  202.3  147.5   656.4  316.1  317.3  574.6  1847.3
2009  170.4  119.4  198.4   77.8  125.9   73.0  142.2  183.0  155.8  186.0  237.2   98.0   437.3  402.1  398.2  579.0  1767.1
2010   91.2   83.1  106.8   98.2   58.5   42.0  165.6  117.6  161.4  154.8  132.5   75.4   272.4  263.6  325.2  448.7  1287.3
2011  154.2  143.7  110.0  105.9  219.2   92.1   92.2  164.0  206.1  206.0  188.5  316.2   373.4  435.1  348.3  600.6  1998.2
2012  230.7  134.7   72.0  118.8   90.8   78.7   95.0  112.8  174.0  150.0  170.7  208.3   681.6  281.6  286.5  494.7  1636.4
2013  144.8   98.6   42.3  142.8  135.4   63.1   65.6  109.2  117.2  180.5  174.1  335.9   451.7  320.5  237.9  471.7  1609.4
2014  184.3  216.1  140.0  104.1  100.7   65.8   86.2  241.6   56.7  281.2  111.6  264.3   736.4  344.8  393.6  449.5  1852.6
2015  305.0  147.2  204.1   93.5  167.2  104.4  134.3  117.7   56.3   89.9  231.9  332.0   716.4  464.8  356.4  378.1  1983.5
2016  231.6  184.8  104.5   98.9   85.4   85.1  154.2  140.2  157.6   63.9  122.0  192.4   748.5  288.8  379.5  343.5  1620.7
2017  118.1  136.3  134.4  103.3   50.6  142.1  108.1  156.7  140.9  212.5  222.2  187.1   446.8  288.3  406.8  575.6  1712.3
2018  191.0   98.4   75.8   79.5   49.0   64.3   79.1  103.6  228.8  205.7  120.0  135.6   476.5  204.3  247.0  554.5  1430.8
2019  155.0  125.4  198.6   54.9  117.5  106.2  124.0  232.8  120.4  161.9   81.8          416.0  371.0  463.0  364.1