Scotland_E Sunshine (Total hours)
Areal series, starting from 1929
Allowances have been made for topographic, coastal and urban effects where relationships are found to exist.
Seasons: Winter=Dec-Feb, Spring=Mar-May, Summer=June-Aug, Autumn=Sept-Nov. (Winter: Year refers to Jan/Feb).
Values are ranked and displayed to 1 dp. Where values are equal, rankings are based in order of year descending.
Data are provisional from January 2018 and Winter 2018.  Last updated 02/12/2019.

Year    JAN    FEB    MAR    APR    MAY    JUN    JUL    AUG    SEP    OCT    NOV    DEC     WIN    SPR    SUM    AUT     ANN
1929   34.1   53.9  157.4  136.5  175.0  184.8  153.4  125.6  129.0   92.5   56.0   42.1     ---  469.0  463.7  277.5  1340.4
1930   47.5   78.4  109.2  111.3  167.0  214.9  125.9  137.2   78.4   88.0   63.0   34.5   168.0  387.5  478.0  229.4  1255.3
1931   53.7   64.8  118.4  113.9  170.6  131.3   82.6  126.0  104.5  101.6   42.0   29.0   153.0  402.9  339.9  248.1  1138.3
1932   58.8   71.0   81.8  138.1  123.0  179.4  121.4  127.9  109.9   71.0   49.4   30.5   158.7  342.9  428.7  230.3  1162.2
1933   48.5   66.3  140.1  104.2  115.5  212.0  161.4  173.1  135.9   63.5   42.1   28.1   145.2  359.7  546.4  241.5  1290.5
1934   42.1   77.4  114.4  108.7  163.0  180.5  185.2  127.6  134.7   81.8   49.7   15.2   147.7  386.1  493.4  266.2  1280.4
1935   40.1   57.0  101.5  113.0  208.0  131.8  211.7  131.6  112.8   57.5   48.2   41.0   112.3  422.5  475.1  218.4  1254.2
1936   40.8   60.8   55.8  162.3  171.0  210.2  123.3  156.0   83.9   90.4   53.2   38.3   142.6  389.1  489.5  227.6  1246.1
1937   34.2   81.9   93.0   83.9  172.5  162.6  114.9  135.9  124.3   69.1   45.3   31.7   154.5  349.4  413.5  238.7  1149.4
1938   48.2   56.3   95.0  137.9  159.1  158.3  120.6  164.6   98.1   87.1   51.6   38.4   136.2  392.0  443.5  236.8  1215.2
1939   36.4   54.9  100.7  134.7  160.8  206.9  107.4  124.3  106.8   89.6   43.1   23.1   129.8  396.2  438.5  239.5  1188.7
1940   36.7   43.1  101.9   99.7  183.0  254.1  109.5  137.1  125.2   53.5   42.3   25.9   102.9  384.6  500.8  221.0  1212.1
1941   33.2   53.7   94.8   86.7  141.9  180.7  132.2  127.4   85.2   78.9   34.8   36.3   112.8  323.4  440.3  198.9  1085.8
1942   18.6   60.2   76.2  200.0  201.3  144.1  156.3   86.1  127.8   76.0   63.5   31.1   115.2  477.5  386.6  267.2  1241.2
1943   30.0   79.8  108.2  139.4  181.5  171.6  186.5  100.8  110.7   72.0   55.5   27.5   141.0  429.1  458.9  238.2  1263.6
1944   29.9   66.0   97.3  118.8  118.6  133.6  101.6  130.4  104.0   71.7   52.4   32.0   123.4  334.6  365.6  228.2  1056.3
1945   39.1   75.2   95.3  157.7  157.5  167.8  144.1  152.6   98.2   89.4   34.4   28.6   146.3  410.5  464.5  222.0  1239.9
1946   44.3   89.1   90.7  151.9  209.2  154.3  131.0  128.7   90.8   71.7   33.4   37.9   162.0  451.7  414.1  195.9  1233.1
1947   33.1   49.5   99.5  116.1  147.8  120.8  157.6  232.9  103.3   73.9   72.5   26.6   120.5  363.4  511.3  249.7  1233.6
1948   30.5   58.6  126.3  153.4  210.2  137.4  162.5   81.6  120.4   89.4   57.8   41.2   115.7  489.9  381.4  267.6  1269.3
1949   44.2   86.2  110.7  138.6  193.3  230.0  159.3  124.7  120.4   76.5   45.2   38.1   171.6  442.7  513.9  242.0  1367.2
1950   37.6   87.3  111.5  130.4  156.1  187.0  160.2  146.2  104.4   84.1   57.1   33.7   163.1  398.0  493.4  245.7  1295.7
1951   43.9   55.9   77.1  154.8  184.7  179.0  156.8  115.3  128.7   83.5   42.4   45.7   133.5  416.5  451.1  254.6  1267.8
1952   47.7   78.7   94.9  165.3  158.9  151.1  186.8  123.6   94.6   89.0   55.2   38.7   172.1  419.1  461.4  238.9  1284.5
1953   45.8   68.7  144.5  145.2  160.6  137.0  110.1  144.4   99.4   73.2   45.8   41.4   153.1  450.2  391.5  218.5  1216.0
1954   35.3   53.1   82.8  171.2  147.0  127.7  129.0   96.3  124.7   77.4   51.3   32.8   129.9  401.0  353.0  253.4  1128.6
1955   38.4   71.7  117.9  171.1  206.9  174.2  252.5  165.5  136.0   88.1   54.2   37.1   142.8  495.9  592.1  278.3  1513.5
1956   48.0   53.0  107.8  160.4  188.5  169.5  157.9  116.0   80.0  100.0   45.9   21.2   138.1  456.7  443.4  226.0  1248.4
1957   44.7   80.9   64.3  152.9  183.1  229.1  103.3  113.5  108.6   73.7   39.3   46.8   146.8  400.3  445.9  221.6  1240.2
1958   44.6   50.5   88.6  133.7  174.8  115.0  151.0  110.7  118.8  101.3   43.9   37.2   142.0  397.1  376.7  264.0  1170.2
1959   69.1   59.1   85.0  130.9  186.6  176.3  160.4  146.8  150.1  100.1   46.5   20.4   165.5  402.6  483.5  296.7  1331.4
1960   39.2   94.2   71.0  128.8  186.3  206.3  133.7  131.7  119.0   37.7   52.8   42.4   153.9  386.1  471.7  209.5  1243.2
1961   33.8   70.5  107.0   98.4  172.6  150.8  113.4  144.1  102.8   85.6   59.6   37.5   146.7  378.0  408.3  248.0  1176.1
1962   52.2   69.3  105.0  174.1  154.6  177.7  133.5  147.4   64.0   78.4   37.8   36.1   159.0  433.7  458.5  180.1  1230.0
1963   42.6   86.1   94.8  130.3  182.4  149.7  149.1   89.6  131.3   86.7   39.8   32.8   164.8  407.6  388.4  257.7  1215.2
1964   41.6   66.5   46.7  115.1  162.5  168.0  158.2  128.5  120.8   70.6   53.4   33.4   141.0  324.3  454.7  244.8  1165.4
1965   49.7   51.9   99.5  166.2  122.0  139.9  114.4  143.4   69.7   77.1   56.3   33.4   135.0  387.6  397.7  203.2  1123.4
1966   23.6   36.8  115.6  105.5  190.1   94.5  173.2  116.4   96.2   70.6   46.8   37.8    93.8  411.2  384.1  213.7  1107.1
1967   42.5   65.5  122.1  142.9  120.7  200.4  139.0  131.0   91.9   99.5   59.4   45.3   145.8  385.6  470.3  250.8  1260.0
1968   35.4   77.6   90.1  152.9  125.2  190.8   91.1  160.6   85.4   63.0   35.4   23.4   158.2  368.2  442.5  183.8  1130.8
1969   37.3   63.6   81.4  151.8  107.2  196.9  173.5  156.2  106.6   84.1   60.9   25.9   124.3  340.3  526.6  251.6  1245.4
1970   24.5  101.2  125.6  142.8  127.5  211.5  106.7  138.3   94.7   79.7   51.3   38.6   151.7  395.9  456.5  225.7  1242.4
1971   22.1   62.1   84.9  130.0  210.0  133.5  191.7  125.4  131.7   98.2   51.8   22.1   122.8  424.9  450.6  281.7  1263.5
1972   26.5   34.7   99.3  139.1  125.8  154.9  193.3  150.4  119.2   92.1   55.3   31.9    83.3  364.2  498.5  266.6  1222.4
1973   34.7   93.3  127.4  142.2  138.7  156.2  139.0  158.5  101.9   84.9   67.4   34.8   159.9  408.3  453.7  254.2  1279.0
1974   36.6   52.9   86.4  165.1  167.9  189.3  157.9  138.6  109.8   63.1   53.7   39.9   124.4  419.5  485.7  226.7  1261.2
1975   37.7   63.5  105.2  115.8  215.5  210.8  150.2  184.6  105.0   76.8   57.0   41.6   141.1  436.5  545.6  238.8  1363.8
1976   34.9   44.8   91.3  117.0  124.7  158.1  217.8  204.9   74.2   65.7   67.3   42.2   121.3  333.0  580.8  207.1  1242.7
1977   42.0   59.8   74.9  151.9  184.7  175.4  180.1  165.3   89.9   75.8   59.7   29.6   144.0  411.5  520.8  225.5  1289.2
1978   44.1   55.1   97.8   97.5  189.7  166.5  132.7  107.2   98.5   79.4   52.2   15.8   128.7  385.0  406.3  230.0  1136.3
1979   43.0   73.5  103.7  106.0  158.6  166.7  142.3  113.9  136.7   61.2   53.0   31.7   132.3  368.4  422.8  250.8  1190.2
1980   26.7   37.4   69.3  163.5  219.0  132.9  102.2  109.8   82.7   86.6   41.6   26.6    95.8  451.8  344.8  210.9  1098.3
1981   43.5   73.5   93.9  180.8  169.9  145.5  138.8  158.1  114.3  103.9   51.4   26.9   143.6  444.6  442.4  269.6  1300.5
1982   32.7   56.9  121.1  149.5  201.5  111.5  191.9  143.6  106.2   53.1   49.0   29.1   116.5  472.2  447.0  208.3  1246.1
1983   40.5   59.1   74.3  113.7   79.7  154.2  175.2  163.1   94.7   82.5   49.5   21.2   128.7  267.7  492.5  226.8  1107.8
1984   38.8   49.1   65.0  173.6  194.4  154.0  190.0  165.9   83.8   79.2   29.1   32.9   109.2  433.0  509.9  192.1  1255.8
1985   41.3   74.7   90.6  112.7  146.7  149.3  113.7  130.2   88.4  101.2   46.0   25.5   148.9  350.0  393.3  235.6  1120.2
1986   34.3   55.2  117.0  106.3  161.5  194.0  144.2  120.5  136.0  106.0   55.8   29.7   115.1  384.9  458.7  297.7  1260.6
1987   34.5   62.1  101.9  128.1  164.2  101.3  119.9  138.8  145.3   70.7   47.5   20.8   126.3  394.3  360.0  263.5  1135.1
1988   38.6   67.4  100.1  110.7  179.4  183.5  123.2  138.8  128.1   64.9   67.6   31.6   126.7  390.1  445.5  260.5  1233.8
1989   41.6   84.5  112.0  121.3  200.6  175.6  230.3  144.2  103.8   79.2   67.1   30.1   157.7  434.0  550.1  250.0  1390.3
1990   43.3   70.1  107.3  173.5  177.6  124.5  207.4  136.0  106.4   66.6   46.6   27.1   143.5  458.4  468.0  219.6  1286.4
1991   48.5   58.6   71.5  156.8  151.0  126.7  132.8  160.4  142.9   67.3   46.4   30.9   134.1  379.3  419.9  256.6  1193.7
1992   54.4   64.0   76.0   96.3  217.6  171.1  134.8  144.4   91.9   73.9   57.4   29.7   149.2  390.0  450.3  223.2  1211.5
1993   33.1   43.9  104.6  100.3  121.7  120.7  145.4  137.0  105.7   88.9   45.6   31.1   106.7  326.6  403.1  240.3  1078.0
1994   39.0   41.5  112.4  135.4  199.0  181.5  155.6  138.7  104.2   81.3   44.6   40.6   111.6  446.9  475.9  230.1  1273.9
1995   39.9   77.2  114.8  134.5  169.1  210.2  192.8  225.7   98.9   85.6   44.2   31.2   157.8  418.4  628.8  228.7  1424.3
1996   12.0   77.9   54.2   99.5  165.6  209.7  167.6  144.9  133.3   78.8   75.5   29.5   121.0  319.3  522.3  287.5  1248.5
1997   37.6   73.0  115.3  115.3  161.6  132.5  162.3  162.6  149.7  105.5   29.1   21.7   140.1  392.3  457.3  284.3  1266.1
1998   31.8   50.1   82.1  115.0  160.8  132.4  115.2  135.0   95.1  111.8   63.2   33.0   103.6  357.9  382.7  270.2  1125.8
1999   42.9   92.6  108.2  130.9  162.2  144.3  165.7  147.0  107.5   66.7   52.1   43.1   168.6  401.2  457.0  226.4  1263.2
2000   57.0   74.0   98.0  119.1  221.3  145.2  143.3  135.5   96.9   88.5   62.3   35.7   174.1  438.4  424.1  247.7  1276.9
2001   52.8   83.3  106.7  139.3  230.6  141.0  118.1  129.6   95.0   72.1   52.2   47.6   171.8  476.6  388.7  219.3  1268.3
2002   37.3   64.5  110.9  134.6  152.0  132.0  103.0  138.5  109.9   79.4   44.2   17.0   149.4  397.4  373.5  233.4  1123.2
2003   45.7   92.9  155.5  167.3  150.0  178.2  151.1  193.2  123.9  116.1   61.6   40.3   155.7  472.8  522.5  301.7  1475.9
2004   36.3   92.1  108.7  100.8  192.0  137.3  135.1  140.5  129.7   64.9   53.8   48.6   168.8  401.6  412.9  248.4  1240.0
2005   43.5   70.1   85.9  150.2  194.4  148.0  161.9  156.4  113.8   55.7   66.8   33.3   162.2  430.5  466.3  236.2  1279.9
2006   33.9   60.3   72.6  186.2  191.1  181.4  218.2  137.7  121.5   69.9   71.7   56.1   127.5  449.9  537.2  263.1  1400.5
2007   50.4   64.4  129.8  189.9  177.6   88.7  131.8  148.3  115.8  108.7   54.9   43.6   170.9  497.3  368.9  279.4  1304.0
2008   31.1   86.1  122.9  146.6  189.5  154.9  139.8   87.7   86.3  103.7   70.3   35.4   160.8  458.9  382.4  260.3  1254.2
2009   51.7   52.1  140.3  132.8  224.1  176.7  159.1  143.5  116.7   81.7   56.7   29.0   139.3  497.2  479.4  255.0  1364.6
2010   41.3   64.8  101.8  156.3  193.1  163.8  133.7  141.3  114.6   85.2   56.1   45.6   135.1  451.2  438.7  255.9  1297.4
2011   47.8   48.9  108.6  187.5  191.8  140.4  155.7  105.0  111.5   62.2   55.5   35.8   142.3  487.9  401.1  229.2  1250.7
2012   59.8   62.0  147.6  103.1  192.4   99.8   92.6  134.1  131.3   87.9   62.5   32.9   157.6  443.1  326.5  281.7  1206.0
2013   27.0   82.4   73.3  161.7  160.7  151.1  212.5  130.1  115.2   61.0   81.5   31.7   142.3  395.7  493.7  257.7  1288.1
2014   27.0   59.7  117.1  132.8  125.0  123.0  208.4  147.8   99.3   65.4   39.2   50.5   118.4  374.9  479.1  203.9  1195.2
2015   59.0   87.4  116.3  217.9  184.0  151.1  132.8  166.1  133.3   91.9   45.0   26.4   197.0  518.2  450.0  270.1  1411.2
2016   23.5   80.9  105.1  145.8  198.8  139.3  133.7  153.9  111.1   86.2   75.5   25.9   130.8  449.8  427.0  272.8  1279.8
2017   60.5   60.1  125.1  153.0  207.3  119.5  145.3  146.9  101.0   70.8   76.1   42.6   146.5  485.4  411.8  247.9  1308.4
2018   48.3   89.2   87.2  147.7  230.3  213.4  204.9  136.9  120.3   93.8   52.9   45.7   180.1  465.2  555.3  267.1  1470.7
2019   54.8   83.1  120.8  162.9  165.8  169.8  141.0  141.5  116.7   93.0   43.4          183.6  449.6  452.3  253.1