D,T
-7.51,12.69
-7.52,12.69
-7.555,12.66
-7.615,12.56
-7.675,12.33
-7.945,11.71
-8.425,11.43
-8.905,11.36
-9.385,11.35
-9.865,11.31
-10.345,11.28
-10.825,11.27
-11.305,11.25
-11.785,11.24
-12.265,11.24
-12.745,11.22
-13.225,11.22
-13.705,11.22
-14.185,11.22
-14.665,11.24
-15.145,11.25
-15.625,11.25
-16.105,11.26
-16.585,11.27
-17.065,11.31
-17.545,11.32
-18.025,11.35
-18.505,11.37
-18.985,11.39
-19.465,11.41
-19.945,11.41
-20.425,11.41
-20.905,11.40
-21.385,11.41
-21.865,11.41
-22.345,11.41
-22.825,11.41
-23.305,11.41
-23.785,11.41
-24.265,11.41
-24.745,11.40
-25.225,11.41
-25.705,11.40
-26.185,11.40
-26.665,11.41
-27.145,11.40
-27.625,11.40
-28.105,11.41
-28.585,11.40
-29.065,11.40
-29.545,11.40
-30.025,11.38
-30.505,11.39
-30.985,11.39
-31.465,11.39
-31.945,11.40
-32.425,11.40
-32.905,11.40
-33.385,11.40
-33.865,11.40
-34.345,11.40
-34.825,11.40
-35.305,11.39
-35.785,11.39
-36.265,11.40
-36.745,11.39
-37.225,11.40
-37.705,11.39
-38.185,11.40
-38.665,11.39
-39.145,11.40
-39.625,11.40
-40.105,11.41
-40.585,11.40
-41.065,11.39
-41.545,11.40
-42.025,11.40
-42.505,11.39
-42.985,11.39
-43.465,11.39
-43.945,11.39
-44.425,11.40
-44.905,11.38
-45.385,11.40
-45.865,11.40
-46.345,11.39
-46.825,11.39
-47.305,11.39
-47.785,11.38
-48.265,11.40
-48.745,11.40
-49.225,11.40
-49.705,11.39
-50.185,11.39
-50.665,11.40
-51.145,11.39
-51.625,11.39
-52.105,11.40
-52.585,11.40
-53.065,11.39
-53.545,11.39
-54.025,11.39
-54.505,11.39
-54.985,11.40
-55.465,11.40
-55.945,11.38
-56.425,11.39
-56.905,11.40
-57.385,11.40
-57.865,11.39
-58.345,11.40
-58.825,11.39
-59.305,11.39
-59.785,11.40
-60.265,11.40
-60.745,11.40
-61.225,11.39
-61.705,11.40
-62.185,11.41
-62.665,11.40
-63.145,11.39
-63.625,11.39
-64.105,11.40
-64.585,11.40
-65.065,11.40
-65.545,11.40
-66.025,11.40
-66.505,11.40
-66.985,11.39
-67.465,11.39
-67.945,11.39
-68.425,11.40
-68.905,11.39
-69.385,11.40
-69.865,11.40
-70.345,11.40
-70.825,11.39
-71.305,11.40
-71.785,11.39
-72.265,11.40
-72.745,11.42
-73.225,11.44
-73.705,11.47
-74.185,11.48
-74.665,11.52
-75.145,11.57
-75.625,11.63
-76.105,11.66
-76.585,11.69
-77.065,11.71
-77.545,11.74
-78.025,11.77
-78.505,11.78
-78.985,11.79
-79.465,11.79
-79.945,11.80
-80.425,11.82
-80.905,11.85
-81.385,11.85
-81.865,11.87
-82.345,11.89
-82.825,11.92
-83.305,11.93
-83.785,11.94
-84.265,11.94
-84.745,11.96
-85.225,11.97
-85.705,11.99
-86.185,12.00
-86.665,12.01
-87.145,12.02
-87.625,12.02
-88.105,12.04
-88.585,12.04
-89.065,12.05
-89.545,12.07
-90.025,12.06
-90.505,12.07
-90.985,12.07
-91.465,12.08
-91.945,12.08
-92.425,12.09
-92.905,12.10
-93.385,12.10
-93.865,12.10
-94.345,12.10
-94.825,12.11
-95.305,12.12
-95.785,12.12
-96.265,12.13
-96.745,12.15
-97.225,12.15
-97.705,12.15
-98.185,12.15
-98.665,12.17
-99.145,12.18
-99.625,12.19
-100.105,12.19
-100.585,12.21
-101.065,12.23
-101.545,12.23
-102.025,12.24
-102.505,12.25
-102.985,12.26
-103.465,12.26
-103.945,12.28
-104.425,12.28
-104.905,12.30
-105.385,12.31
-105.865,12.32
-106.345,12.33
-106.825,12.34
-107.305,12.34
-107.785,12.36
-108.265,12.37
-108.745,12.37
-109.225,12.39
-109.705,12.40
-110.185,12.40
-110.665,12.42
-111.145,12.43
-111.625,12.44
-112.105,12.47
-112.585,12.48
-113.065,12.51
-113.545,12.54
-114.025,12.57
-114.505,12.58
-114.985,12.60
-115.465,12.62
-115.945,12.65
-116.425,12.67
-116.905,12.68
-117.385,12.70
-117.865,12.71
-118.345,12.75
-118.825,12.75
-119.305,12.78
-119.785,12.80
-120.265,12.83
-120.745,12.86
-121.225,12.88
-121.705,12.91
-122.185,12.94
-122.665,12.97
-123.145,13.02
-123.625,13.06
-124.105,13.06
-124.585,13.06
-125.065,13.07
-125.545,13.08
-126.025,13.08
-126.505,13.09
-126.985,13.09
-127.465,13.10
-127.945,13.09
-128.425,13.08
-128.905,13.10
-129.385,13.10
-129.865,13.11
-130.345,13.11
-130.825,13.15
-131.305,13.20
-131.785,13.25
-132.265,13.27
-132.745,13.32
-133.225,13.38
-133.705,13.46
-134.185,13.53
-134.665,13.57
-135.145,13.60
-135.625,13.63
-136.105,13.72
-136.585,13.80
-137.065,13.86
-137.545,13.90
-138.025,13.98
-138.505,14.04
-138.985,14.11
-139.465,14.17
-139.945,14.22
-140.425,14.28
-140.905,14.37
-141.385,14.46
-141.865,14.51
-142.345,14.61
-142.825,14.69
-143.305,14.82
-143.785,14.99
-144.265,15.19
-144.745,15.39
-145.225,15.45
-145.705,15.48
-146.185,15.51
-146.665,15.52
-147.145,15.54
-147.625,15.53
-148.105,15.56
-148.585,15.57
-149.065,15.59
-149.545,15.59
-150.025,15.59
-150.505,15.59
-150.985,15.60
-151.465,15.61
-151.945,15.62
-152.425,15.63
-152.905,15.63
-153.385,15.64
-153.865,15.64
-154.345,15.65
-154.825,15.65
-155.305,15.66
-155.785,15.65
-156.265,15.66
-156.745,15.66
-157.225,15.66
-157.705,15.66
-158.185,15.66
-158.665,15.67
-159.145,15.68
-159.625,15.68
-160.105,15.68
-160.585,15.68
-161.065,15.68
-161.545,15.68
-162.025,15.68
-162.505,15.68
-162.985,15.69
-163.465,15.69
-163.945,15.69
-164.425,15.69
-164.905,15.69
-165.385,15.70
-165.865,15.70
-166.345,15.70
-166.825,15.70
-167.305,15.70
-167.785,15.70
-168.265,15.70
-168.745,15.70
-169.225,15.70
-169.705,15.70
-170.185,15.70
-170.665,15.71
-171.145,15.71
-171.625,15.71
-172.105,15.71
-172.585,15.70
-173.065,15.71
-173.545,15.71
-174.025,15.71
-174.505,15.71
-174.985,15.71
-175.465,15.71
-175.945,15.71
-176.425,15.71
-176.905,15.71
-177.385,15.71
-177.865,15.71
-178.345,15.71
-178.825,15.72
-179.305,15.72
-179.785,15.72
-180.265,15.71
-180.745,15.72
-181.225,15.72
-181.705,15.72
-182.185,15.72
-182.665,15.72
-183.145,15.72
-183.625,15.71
-184.105,15.72
-184.585,15.72
-185.065,15.72
-185.545,15.72
-186.025,15.72
-186.505,15.72
-186.985,15.71
-187.465,15.72
-187.945,15.71
-188.425,15.71
-188.905,15.72
-189.385,15.71
-189.865,15.72
-190.345,15.71
-190.825,15.72
-191.305,15.72
-191.785,15.71
-192.265,15.72
-192.745,15.72
-193.225,15.71
-193.705,15.71
-194.185,15.72
-194.665,15.72
-195.145,15.72
-195.625,15.72
-196.105,15.71
-196.585,15.71
-197.065,15.71
-197.545,15.71
-198.025,15.71
-198.505,15.70
-198.985,15.71
-199.465,15.71
-199.945,15.71
-200.425,15.70
-200.905,15.71
-201.385,15.71
-201.865,15.71
-202.345,15.71
-202.825,15.71
-203.305,15.70
-203.785,15.70
-204.265,15.71
-204.745,15.70
-205.225,15.71
-205.705,15.70
-206.185,15.70
-206.665,15.71
-207.145,15.71
-207.625,15.71
-208.105,15.71
-208.585,15.70
-209.065,15.71
-209.545,15.70
-210.025,15.70
-210.505,15.71
-210.985,15.71
-211.465,15.71
-211.945,15.70
-212.425,15.70
-212.905,15.71
-213.385,15.70
-213.865,15.71
-214.345,15.70
-214.825,15.71
-215.305,15.71
-215.785,15.70
-216.265,15.71
-216.745,15.71
-217.225,15.71
-217.705,15.71
-218.185,15.71
-218.665,15.71
-219.145,15.71
-219.625,15.72
-220.105,15.73
-220.585,15.72
-221.065,15.72
-221.545,15.73
-222.025,15.72
-222.505,15.71
-222.985,15.72
-223.465,15.71
-223.945,15.72
-224.425,15.72
-224.905,15.72
-225.385,15.71
-225.865,15.72
-226.345,15.72
-226.825,15.71
-227.305,15.71
-227.785,15.71
-228.265,15.72
-228.745,15.72
-229.225,15.73
-229.705,15.73
-230.185,15.72
-230.665,15.73
-231.145,15.74
-231.625,15.72
-232.105,15.72
-232.585,15.72
-233.065,15.71
-233.545,15.72
-234.025,15.71
-234.505,15.72
-234.985,15.72
-235.465,15.73
-235.945,15.73
-236.425,15.72
-236.905,15.72
-237.385,15.72
-237.865,15.72
-238.345,15.72
-238.825,15.73
-239.305,15.74
-239.785,15.74
-240.265,15.73
-240.745,15.74
-241.225,15.73
-241.705,15.73
-242.185,15.73
-242.665,15.73
-243.145,15.73
-243.625,15.73
-244.105,15.72
-244.585,15.75
-245.065,15.78
-245.545,15.78
-246.025,15.79
-246.505,15.79
-246.985,15.80
-247.465,15.79
-247.945,15.81
-248.425,15.82
-248.905,15.83
-249.385,15.84
-249.865,15.85
-250.345,15.85
-250.825,15.86
-251.305,15.87
-251.785,15.87
-252.265,15.88
-252.745,15.88
-253.225,15.88
-253.705,15.89
-254.185,15.90
-254.665,15.90
-255.145,15.91
-255.625,15.92
-256.105,15.92
-256.585,15.92
-257.065,15.93
-257.545,15.93
-258.025,15.94
-258.505,15.95
-258.985,15.95
-259.465,15.97
-259.945,15.97
-260.425,15.99
-260.905,16.01
-261.385,16.02
-261.865,16.05
-262.345,16.06
-262.825,16.07
-263.305,16.07
-263.785,16.08
-264.265,16.08
-264.745,16.08
-265.225,16.08
-265.705,16.08
-266.185,16.09
-266.665,16.09
-267.145,16.09
-267.625,16.10
-268.105,16.10
-268.585,16.12
-269.065,16.16
-269.545,16.18
-270.025,16.21
-270.505,16.24
-270.985,16.28
-271.465,16.34
-271.945,16.40
-272.425,16.42
-272.905,16.42
-273.385,16.43
-273.865,16.43
-274.345,16.45
-274.825,16.44
-275.305,16.44
-275.785,16.44
-276.265,16.45
-276.745,16.45
-277.225,16.45
-277.705,16.45
-278.185,16.45
-278.665,16.45
-279.145,16.45
-279.625,16.45
-280.105,16.46
-280.585,16.45
-281.065,16.46
-281.545,16.46
-282.025,16.46
-282.505,16.46
-282.985,16.47
-283.465,16.47
-283.945,16.46
-284.425,16.47
-284.905,16.46
-285.385,16.47
-285.865,16.47
-286.345,16.46
-286.825,16.47
-287.305,16.47
-287.785,16.47
-288.265,16.46
-288.745,16.47
-289.225,16.47
-289.705,16.47
-290.185,16.48
-290.665,16.53
-291.145,16.58
-291.625,16.60
-292.105,16.61
-292.585,16.62
-293.065,16.62
-293.545,16.68
-294.025,16.89
-294.505,17.07
-294.985,17.13
-295.465,17.16
-295.945,17.18
-296.425,17.21
-296.905,17.22
-297.385,17.23
-297.865,17.23
-298.345,17.22
-298.825,17.23
-299.305,17.23
-299.785,17.22
-300.265,17.23
-300.745,17.24
-301.225,17.24
-301.705,17.24
-302.185,17.25
-302.665,17.24
-303.145,17.25
-303.625,17.25
-304.105,17.26
-304.585,17.26
-305.065,17.26
-305.545,17.26
-306.025,17.25
-306.505,17.27
-306.985,17.27
-307.465,17.27
-307.945,17.26
-308.425,17.27
-308.905,17.27
-309.385,17.27
-309.865,17.28
-310.345,17.27
-310.825,17.27
-311.305,17.27
-311.785,17.27
-312.265,17.28
-312.745,17.28
-313.225,17.28
-313.705,17.28
-314.185,17.29
-314.665,17.28
-315.145,17.28
-315.625,17.29
-316.105,17.28
-316.585,17.28
-317.065,17.28
-317.545,17.29
-318.025,17.28
-318.505,17.28
-318.985,17.28
-319.465,17.29
-319.945,17.29
-320.425,17.29
-320.905,17.31
-321.385,17.39
-321.865,17.53
-322.345,17.66
-322.825,17.89
-323.305,18.65
-323.785,19.05
-324.265,19.17
-324.745,19.20
-325.225,19.21
-325.705,19.25
-326.185,19.25
-326.665,19.26
-327.145,19.27
-327.625,19.29
-328.105,19.30
-328.585,19.31
-329.065,19.31
-329.545,19.31
-330.025,19.30
-330.505,19.30
-330.985,19.29
-331.465,19.30
-331.945,19.32
-332.425,19.31
-332.905,19.32
-333.385,19.30
-333.865,19.31
-334.345,19.32
-334.825,19.32
-335.305,19.32
-335.785,19.32
-336.265,19.33
-336.745,19.33
-337.225,19.33
-337.705,19.33
-338.185,19.33
-338.665,19.33
-339.145,19.34
-339.625,19.34
-340.105,19.34
-340.585,19.35
-341.065,19.35
-341.545,19.35
-342.025,19.35
-342.505,19.35
-342.985,19.36
-343.465,19.36
-343.945,19.36
-344.425,19.36
-344.905,19.36
-345.385,19.36
-345.865,19.36
-346.345,19.36
-346.825,19.37
-347.305,19.36
-347.785,19.36
-348.265,19.37
-348.745,19.36
-349.225,19.37
-349.705,19.37
-350.185,19.37
-350.665,19.37
-351.145,19.37
-351.625,19.37
-352.105,19.37
-352.585,19.37
-353.065,19.37
-353.545,19.37
-354.025,19.37
-354.505,19.37
-354.985,19.37
-355.465,19.37
-355.945,19.37
-356.425,19.37
-356.905,19.37
-357.385,19.38
-357.865,19.36
-358.345,19.38
-358.825,19.38
-359.305,19.37
-359.785,19.38
-360.265,19.38
-360.745,19.37
-361.225,19.38
-361.705,19.39
-362.185,19.38
-362.665,19.38
-363.145,19.39
-363.625,19.38
-364.105,19.39
-364.585,19.38
-365.065,19.40
-365.545,19.44
-366.025,19.50
-366.505,19.50
-366.985,19.51
-367.465,19.49
-367.945,19.51
-368.425,19.53
-368.905,19.55
-369.385,19.64
-369.865,19.87
-370.345,20.07
-370.825,20.28
-371.305,20.49
-371.785,20.77
-372.265,21.01
-372.745,21.18
-373.225,21.26
-373.705,21.31
-374.185,21.34
-374.665,21.37
-375.145,21.38
-375.625,21.38
-376.105,21.40
-376.585,21.40
-377.065,21.38
-377.545,21.43
-378.025,21.45
-378.505,21.43
-378.985,21.45
-379.465,21.43
-379.945,21.45
-380.425,21.45
-380.905,21.46
-381.385,21.47
-381.865,21.49
-382.345,21.47
-382.825,21.49
-383.305,21.50
-383.785,21.51
-384.265,21.54
-384.745,21.55
-385.225,21.56
-385.705,21.57
-386.185,21.57
-386.665,21.58
-387.145,21.59
-387.625,21.59
-388.105,21.60
-388.585,21.59
-389.065,21.60
-389.545,21.60
-390.025,21.61
-390.505,21.60
-390.985,21.61
-391.465,21.60
-391.945,21.61
-392.425,21.61
-392.905,21.61
-393.385,21.62
-393.865,21.61
-394.345,21.61
-394.825,21.61
-395.305,21.62
-395.785,21.62
-396.265,21.62
-396.745,21.62
-397.225,21.62
-397.705,21.62
-398.185,21.62
-398.665,21.62
-399.145,21.62
-399.625,21.63
-400.105,21.62
-400.585,21.63
-401.065,21.63
-401.545,21.63
-402.025,21.64
-402.505,21.63
-402.985,21.65
-403.465,21.64
-403.945,21.63
-404.425,21.64
-404.905,21.63
-405.385,21.62
-405.865,21.62
-406.345,21.61
-406.825,21.60
-407.305,21.59
-407.785,21.57
-408.265,21.54
-408.745,21.49
-409.225,21.45
-409.705,21.44
-410.185,21.45
-410.665,21.46
-411.145,21.47
-411.625,21.48
-412.105,21.49
-412.585,21.50
-413.065,21.50
-413.545,21.50
-414.025,21.51
-414.505,21.51
-414.985,21.51
-415.465,21.52
-415.945,21.51
-416.425,21.51
-416.905,21.52
-417.385,21.52
-417.865,21.51
-418.345,21.52
-418.825,21.53
-419.305,21.52
-419.785,21.53
-420.265,21.53
-420.745,21.55
-421.225,21.56
-421.705,21.56
-422.185,21.57
-422.665,21.57
-423.145,21.57
-423.625,21.57
-424.105,21.58
-424.585,21.59
-425.065,21.59
-425.545,21.60
-426.025,21.60
-426.505,21.61
-426.985,21.62
-427.465,21.63
-427.945,21.63
-428.425,21.63
-428.905,21.64
-429.385,21.64
-429.865,21.66
-430.345,21.66
-430.825,21.67
-431.305,21.68
-431.785,21.69
-432.265,21.71
-432.745,21.71
-433.225,21.73
-433.705,21.75
-434.185,21.76
-434.665,21.77
-435.145,21.77
-435.625,21.79
-436.105,21.80
-436.585,21.82
-437.065,21.83
-437.545,21.84
-438.025,21.85
-438.505,21.89
-438.985,21.93
-439.465,21.95
-439.945,21.96
-440.425,21.97
-440.905,21.98
-441.385,21.98
-441.865,21.99
-442.345,21.99
-442.825,21.99
-443.305,22.01
-443.785,22.06
-444.265,22.10
-444.745,22.15
-445.225,22.18
-445.705,22.21
-446.185,22.24
-446.665,22.28
-447.145,22.30
-447.625,22.32
-448.105,22.35
-448.585,22.38
-449.065,22.40
-449.545,22.42
-450.025,22.45
-450.505,22.46
-450.985,22.49
-451.465,22.51
-451.945,22.54
-452.425,22.56
-452.905,22.59
-453.385,22.60
-453.865,22.62
-454.345,22.64
-454.825,22.65
-455.305,22.66
-455.785,22.67
-456.265,22.67
-456.745,22.67
-457.225,22.67
-457.705,22.67
-458.185,22.67
-458.665,22.67
-459.145,22.68
-459.625,22.67
-460.105,22.68
-460.585,22.68
-461.065,22.68
-461.545,22.69
-462.025,22.68
-462.505,22.68
-462.985,22.69
-463.465,22.69
-463.945,22.70
-464.425,22.69
-464.905,22.68
