D,T
-13.585,12.2298
-14.585,12.2228
-15.585,11.8865
-16.585,11.4343
-17.585,11.4216
-18.585,11.4235
-19.585,11.4182
-20.585,11.4159
-21.585,11.4171
-22.585,11.4154
-23.585,11.4187
-24.585,11.4429
-25.585,11.4414
-26.585,11.4437
-27.585,11.446
-28.585,11.443
-29.585,11.4466
-30.585,11.4462
-31.585,11.4423
-32.585,11.4448
-33.585,11.4456
-34.585,11.4431
-35.585,11.5047
-36.585,11.5461
-37.585,11.5453
-38.585,11.5442
-39.585,11.5874
-40.585,11.648
-41.585,11.65
-42.585,11.6534
-43.585,11.6507
-44.585,11.6506
-45.585,11.6532
-46.585,11.6557
-47.585,11.6511
-48.585,11.6518
-49.585,11.652
-50.585,11.6543
-51.585,11.6526
-52.585,11.6489
-53.585,11.6535
-54.585,11.658
-55.585,11.654
-56.585,11.6511
-57.585,11.657
-58.585,11.6537
-59.585,11.6522
-60.585,11.6555
-61.585,11.6523
-62.585,11.6536
-63.585,11.6534
-64.585,11.6508
-65.585,11.6528
-66.585,11.6539
-67.585,11.6592
-68.585,11.7094
-69.585,11.7509
-70.585,11.785
-71.585,11.8034
-72.585,11.8172
-73.585,11.839
-74.585,11.8615
-75.585,11.89
-76.585,11.9153
-77.585,11.9389
-78.585,11.9593
-79.585,11.9878
-80.585,12.0278
-81.585,12.082
-82.585,12.0873
-83.585,12.0925
-84.585,12.0903
-85.585,12.0902
-86.585,12.0906
-87.585,12.0911
-88.585,12.0887
-89.585,12.0903
-90.585,12.0923
-91.585,12.0933
-92.585,12.0961
-93.585,12.093
-94.585,12.091
-95.585,12.0924
-96.585,12.0907
-97.585,12.0941
-98.585,12.0901
-99.585,12.0927
-100.585,12.0932
-101.585,12.0943
-102.585,12.095
-103.585,12.0948
-104.585,12.0935
-105.585,12.0946
-106.585,12.0923
-107.585,12.0933
-108.585,12.0942
-109.585,12.0937
-110.585,12.0939
-111.585,12.0933
-112.585,12.0958
-113.585,12.0974
-114.585,12.1366
-115.585,12.1893
-116.585,12.2424
-117.585,12.2839
-118.585,12.332
-119.585,12.3947
-120.585,12.4562
-121.585,12.5343
-122.585,12.6165
-123.585,12.6728
-124.585,12.7256
-125.585,12.7805
-126.585,12.8717
-127.585,12.9707
-128.585,13.0467
-129.585,13.1447
-130.585,13.2507
-131.585,13.3626
-132.585,13.4972
-133.585,13.6443
-134.585,13.8263
-135.585,13.9466
-136.585,14.1881
-137.585,14.2503
-138.585,14.2518
-139.585,14.2532
-140.585,14.2535
-141.585,14.2548
-142.585,14.2581
-143.585,14.2593
-144.585,14.2618
-145.585,14.511
-146.585,14.9818
-147.585,15.5147
-148.585,16.0368
-149.585,16.6682
-150.585,16.9236
-151.585,16.9343
-152.585,16.9373
-153.585,16.9463
-154.585,16.9483
-155.585,16.9487
-156.585,16.9563
-157.585,16.9588
-158.585,16.9632
-159.585,16.9618
-160.585,16.9626
-161.585,16.9654
-162.585,16.9681
-163.585,16.9713
-164.585,16.9752
-165.585,16.9755
-166.585,16.9799
-167.585,16.9792
-168.585,16.9872
-169.585,16.9915
-170.585,16.9971
-171.585,16.9916
-172.585,16.9975
-173.585,16.9946
-174.585,17.0009
-175.585,17.0014
-176.585,16.9968
-177.585,16.9986
-178.585,17.0022
-179.585,17.003
-180.585,16.9985
-181.585,17.204
-182.585,17.8117
-183.585,17.8325
-184.585,17.8334
-185.585,17.8315
-186.585,17.8374
-187.585,17.8388
-188.585,17.8339
-189.585,17.8385
-190.585,17.8394
-191.585,17.8427
-192.585,17.8491
-193.585,17.8481
-194.585,17.8523
-195.585,17.8482
-196.585,17.8513
-197.585,17.8535
-198.585,17.8551
-199.585,17.8578
-200.585,17.8558
-201.585,17.8579
-202.585,17.854
-203.585,17.8592
-204.585,17.8628
-205.585,17.865
-206.585,17.8653
-207.585,17.8631
-208.585,17.8672
-209.585,17.8669
-210.585,17.8692
-211.585,17.8672
-212.585,17.8732
-213.585,17.8822
-214.585,17.8802
-215.585,17.8751
-216.585,17.8813
-217.585,17.8842
-218.585,17.8824
-219.585,17.8832
-220.585,17.8784
-221.585,17.8836
-222.585,17.8832
-223.585,17.8767
-224.585,17.8793
-225.585,17.8874
-226.585,17.8845
-227.585,17.8824
-228.585,17.8856
-229.585,17.893
-230.585,17.8909
-231.585,17.8983
-232.585,17.8926
-233.585,17.8921
-234.585,17.8918
-235.585,17.8982
-236.585,17.8927
-237.585,17.8989
-238.585,17.9021
-239.585,17.9003
-240.585,17.9012
-241.585,17.9035
-242.585,17.8997
-243.585,17.9004
-244.585,17.9022
-245.585,17.8959
-246.585,17.9062
-247.585,17.9066
-248.585,17.8994
-249.585,17.9051
-250.585,17.9055
-251.585,17.9106
-252.585,17.904
-253.585,17.9055
-254.585,17.9047
-255.585,17.9043
-256.585,17.8935
-257.585,17.8984
-258.585,17.8929
-259.585,17.8957
-260.585,17.8885
-261.585,17.8986
-262.585,17.8922
-263.585,17.9029
-264.585,17.9334
-265.585,17.9433
-266.585,17.9453
-267.585,17.9394
-268.585,17.9454
-269.585,17.946
-270.585,17.941
-271.585,17.9456
-272.585,17.9447
-273.585,17.9438
-274.585,17.941
-275.585,17.9428
-276.585,17.9467
-277.585,17.9457
-278.585,17.9443
-279.585,17.9458
-280.585,17.9433
-281.585,17.945
-282.585,17.9462
-283.585,17.9477
-284.585,18.3356
-285.585,18.4674
-286.585,18.5201
-287.585,18.546
-288.585,18.552
-289.585,18.5794
-290.585,18.6017
-291.585,18.6143
-292.585,18.6062
-293.585,18.6054
-294.585,18.6032
-295.585,18.6001
-296.585,18.6005
-297.585,18.6013
-298.585,18.5964
-299.585,18.6023
-300.585,18.6011
-301.585,18.6092
-302.585,18.6067
-303.585,18.6104
-304.585,18.6122
-305.585,18.607
-306.585,18.6132
-307.585,18.6127
-308.585,18.6126
-309.585,18.618
-310.585,18.6975
-311.585,18.7159
-312.585,18.7166
-313.585,18.7191
-314.585,18.7202
-315.585,18.7265
-316.585,18.7223
-317.585,18.7293
-318.585,18.7227
-319.585,18.7238
-320.585,18.7216
-321.585,18.7271
-322.585,18.7301
-323.585,18.7247
-324.585,18.7311
-325.585,18.7352
-326.585,18.7396
-327.585,18.8146
-328.585,18.8968
-329.585,18.9814
-330.585,19.0922
-331.585,19.1355
-332.585,19.1519
-333.585,19.1535
-334.585,19.1509
-335.585,19.1537
-336.585,19.149
-337.585,19.1493
-338.585,19.15
-339.585,19.1535
-340.585,19.1528
-341.585,19.1487
-342.585,19.1511
-343.585,19.1559
-344.585,19.1539
-345.585,19.1574
-346.585,19.1575
-347.585,19.1539
-348.585,19.1557
-349.585,19.1575
-350.585,19.1556
-351.585,19.1616
-352.585,19.1576
-353.585,19.1576
-354.585,19.1569
-355.585,19.1844
-356.585,19.2018
-357.585,19.2053
-358.585,19.2117
-359.585,19.1854
-360.585,19.1877
-361.585,19.1787
-362.585,18.7538
-363.585,18.4048
-364.585,18.3849
-365.585,18.3538
-366.585,18.3291
-367.585,18.3224
-368.585,18.3152
-369.585,18.3174
-370.585,18.327
-371.585,18.3448
-372.585,18.3808
-373.585,18.4179
-374.585,18.4766
-375.585,18.5108
-376.585,18.5729
-377.585,18.6187
-378.585,18.664
-379.585,18.7327
-380.585,18.8667
-381.585,19.0854
-382.585,19.2514
-383.585,19.2775
-384.585,19.2791
-385.585,19.2897
-386.585,19.5079
-387.585,19.6236
-388.585,19.6909
-389.585,19.7269
-390.585,19.7595
-391.585,19.8434
-392.585,19.9042
-393.585,20.0821
-394.585,20.2259
-395.585,20.3853
-396.585,20.4172
-397.585,20.2331
-398.585,20.1323
-399.585,20.1145
-400.275,20.1225
