D,T
-120.38,13.05
-120.92,13.1
-121.46,13.1
-122,13.1
-122.54,13.1
-123.08,13.1
-123.62,13.1
-124.16,13.1
-124.7,13.1
-125.24,13.1
-125.78,13.1
-126.32,13.1
-126.86,13.1
-127.4,13.1
-127.94,13.1
-128.48,13.1
-129.02,13.1
-129.56,13.1
-130.1,13.1
-130.64,13.1
-131.18,13.1
-131.72,13.1
-132.26,13.1
-132.8,13.1
-133.34,13.1
-133.88,13.1
-134.42,13.1
-134.96,13.1
-135.5,13.1
-136.04,13.1
-136.58,13.1
-137.12,13.1
-137.66,13.1
-138.2,13.1
-138.74,13.1
-139.28,13.1
-139.82,13.1
-140.36,13.1
-140.9,13.1
-141.44,13.1
-141.98,13.1
-142.52,13.1
-143.06,13.1
-143.6,13.1
-144.14,13.1
-144.68,13.1
-145.22,13.1
-145.76,13.1
-146.3,13.1
-146.84,13.1
-147.38,13.1
-147.92,13.1
-148.46,13.1
-149,13.21
-149.54,13.67
-150.08,13.76
-150.62,13.76
-151.16,13.77
-151.7,13.75
-152.24,13.89
-152.78,14.07
-153.32,14.25
-153.86,14.42
-154.4,14.57
-154.94,14.75
-155.48,14.94
-156.02,15.1
-156.56,15.1
-157.1,15.1
-157.64,15.1
-158.18,15.1
-158.72,15.1
-159.26,15.1
-159.8,15.1
-160.34,15.1
-160.88,15.1
-161.42,15.1
-161.96,15.1
-162.5,15.1
-163.04,15.1
-163.58,15.1
-164.12,15.1
-164.66,15.1
-165.2,15.1
-165.74,15.1
-166.28,15.1
-166.82,15.1
-167.36,15.1
-167.9,15.1
-168.44,15.1
-168.98,15.1
-169.52,15.1
-170.06,15.1
-170.6,15.1
-171.14,15.1
-171.68,15.1
-172.22,15.1
-172.76,15.1
-173.3,15.1
-173.84,15.1
-174.38,15.1
-174.92,15.1
-175.46,15.1
-176,15.1
-176.54,15.1
-177.08,15.1
-177.62,15.1
-178.16,15.1
-178.7,15.1
-179.24,15.1
-179.78,15.1
-180.32,15.1
-180.86,15.1
-181.4,15.1
-181.94,15.1
-182.48,15.1
-183.02,15.1
-183.56,15.14
-184.1,15.2
-184.64,15.2
-185.18,15.23
-185.72,15.3
-186.26,15.3
-186.8,15.3
-187.34,15.37
-187.88,15.4
-188.42,15.42
-188.96,15.5
-189.5,15.5
-190.04,15.59
-190.58,15.6
-191.12,15.6
-191.66,15.6
-192.2,15.6
-192.74,15.6
-193.28,15.6
-193.82,15.6
-194.36,15.6
-194.9,15.6
-195.44,15.6
-195.98,15.6
-196.52,15.6
-197.06,15.6
-197.6,15.68
-198.14,15.83
-198.68,15.97
-199.22,16.12
-199.76,16.24
-200.3,16.33
-200.84,16.41
-201.38,16.5
-201.92,16.58
-202.46,16.6
-203,16.71
-203.54,16.83
-204.08,16.96
-204.62,17.06
-205.16,17.22
-205.7,17.37
-206.24,17.48
-206.78,17.6
-207.32,17.6
-207.86,17.6
-208.4,17.6
-208.94,17.6
-209.48,17.6
-210.02,17.6
-210.56,17.6
-211.1,17.6
-211.64,17.6
-212.18,17.6
-212.72,17.6
-213.26,17.6
-213.8,17.6
-214.34,17.6
-214.88,17.6
-215.42,17.6
-215.96,17.6
-216.5,17.6
-217.04,17.65
-217.58,17.64
-218.12,17.68
-218.66,17.67
-219.2,17.68
-219.74,17.69
-220.28,17.67
-220.82,17.69
-221.36,17.7
-221.9,17.69
-222.44,17.7
-222.98,17.7
-223.52,17.69
-224.06,17.69
-224.6,17.7
-225.14,17.68
-225.68,17.63
-226.22,17.62
-226.76,17.61
-227.3,17.63
-227.84,17.64
-228.38,17.62
-228.92,17.64
-229.46,17.65
-230,17.66
-230.54,17.67
-231.08,17.65
-231.62,17.69
-232.16,17.67
-232.7,17.69
-233.24,17.69
-233.78,17.7
-234.32,17.7
-234.86,17.7
-235.4,17.69
-235.94,17.7
-236.48,17.7
-237.02,17.7
-237.56,17.7
-238.1,17.7
-238.64,17.7
-239.18,17.7
-239.72,17.7
-240.26,17.7
-240.8,17.7
-241.34,17.7
-241.88,17.7
-242.42,17.7
-242.96,17.7
-243.5,17.7
-244.04,17.7
-244.58,17.7
-245.12,17.7
-245.66,17.7
-246.2,17.7
-246.74,17.7
-247.28,17.7
-247.82,17.7
-248.36,17.7
-248.9,17.7
-249.44,17.7
-249.98,17.7
-250.52,17.7
-251.06,17.7
-251.6,17.7
-252.14,17.7
-252.68,17.7
-253.22,17.7
-253.76,17.7
-254.3,17.7
-254.84,17.7
-255.38,17.7
-255.92,17.7
-256.46,17.7
-257,17.7
-257.54,17.7
-258.08,17.7
-258.62,17.7
-259.16,17.7
-259.7,17.7
-260.24,17.7
-260.78,17.86
-261.32,18.45
-261.86,18.99
-262.4,19
-262.94,19
-263.48,19
-264.02,19
-264.56,19
-265.1,19
-265.64,19
-266.18,19
-266.72,19
-267.26,19
-267.8,19
-268.34,19
-268.88,19
-269.42,19
-269.96,19
-270.5,19
-271.04,19
-271.58,19
-272.12,19
-272.66,19
-273.2,19
-273.74,19
-274.28,19
-274.82,19
-275.36,19
-275.9,19
-276.44,19
-276.98,19
-277.52,19
-278.06,19
-278.6,19
-279.14,19
-279.68,19
-280.22,19
-280.76,19
-281.3,19
-281.84,19
-282.38,19
-282.92,19
-283.46,19
-284,19
-284.54,19
-285.08,19
-285.62,19
-286.16,19
-286.7,19
-287.24,19
-287.78,19
-288.32,19
-288.86,19
-289.4,19
-289.94,19
-290.48,19
-291.02,19
-291.56,19
-292.1,19
-292.64,19
-293.18,19
-293.72,19
-294.26,19
-294.8,19
-295.34,19
-295.88,19
-296.42,19
-296.96,19
-297.5,19
-298.04,18.94
-298.58,18.9
-299.12,18.9
-299.66,18.9
-300.2,18.9
-300.74,18.9
-301.28,18.9
-301.82,18.9
-302.36,18.94
-302.9,19
-303.44,19
-303.98,19
-304.52,19
-305.06,19
-305.6,19
-306.14,19
-306.68,19
-307.22,19
-307.76,19
-308.3,19
-308.84,19
-309.14,19
