D,T
2.69,15.34
2.63,15.25
2.57,14.82
2.51,14.30
2.45,13.90
2.39,13.61
2.33,13.46
2.27,13.33
2.21,13.24
2.15,13.18
2.09,13.13
2.03,13.11
1.97,13.07
1.91,13.06
1.85,13.06
1.79,13.04
1.73,13.03
1.67,13.02
1.61,13.02
1.55,13.01
1.49,13.02
1.43,13.01
1.37,13.01
1.31,13.01
1.25,13.02
1.19,13.02
1.13,13.00
1.07,13.00
1.01,13.01
0.95,13.00
0.89,13.00
0.83,13.01
0.77,13.01
0.71,13.00
0.65,13.00
0.59,13.01
0.53,13.00
0.47,13.00
0.41,13.00
0.35,12.99
0.29,13.00
0.23,13.00
0.17,13.00
0.11,13.00
0.05,12.99
-0.01,12.98
-0.07,13.00
-0.13,13.00
-0.19,13.00
-0.25,13.00
-0.31,13.01
-0.37,13.00
-0.43,12.99
-0.49,13.00
-0.55,12.99
-0.61,12.99
-0.67,13.00
-0.73,13.00
-0.79,12.99
-0.85,13.00
-0.91,12.98
-0.97,12.99
-1.03,13.00
-1.09,13.00
-1.15,12.99
-1.21,13.00
-1.27,12.99
-1.33,12.99
-1.39,12.99
-1.45,13.00
-1.51,12.99
-1.57,12.98
-1.63,12.99
-1.69,13.00
-1.75,12.99
-1.81,12.99
-1.87,12.98
-1.93,12.99
-1.99,12.98
-2.05,13.00
-2.11,12.98
-2.17,12.99
-2.23,12.99
-2.29,13.00
-2.35,13.00
-2.41,13.00
-2.47,12.99
-2.53,13.00
-2.59,12.99
-2.65,12.99
-2.71,13.00
-2.77,12.99
-2.83,12.99
-2.89,12.98
-2.95,12.99
-3.01,12.99
-3.07,12.99
-3.13,12.99
-3.19,12.99
-3.25,12.99
-3.31,12.99
-3.37,13.00
-3.43,13.00
-3.49,13.00
-3.55,12.99
-3.61,12.99
-3.67,13.00
-3.73,13.00
-3.79,12.98
-3.85,12.98
-3.91,12.99
-3.97,12.98
-4.03,12.99
-4.09,12.98
-4.15,12.99
-4.21,13.00
-4.27,13.00
-4.33,12.99
-4.39,12.99
-4.45,12.99
-4.51,13.00
-4.57,12.98
-4.63,12.99
-4.69,13.00
-4.75,13.00
-4.81,12.99
-4.87,13.00
-4.93,12.99
-4.99,12.98
-5.05,12.98
-5.11,12.99
-5.17,12.99
-5.23,12.99
-5.29,13.00
-5.35,12.98
-5.41,12.98
-5.47,12.99
-5.53,12.99
-5.59,12.99
-5.65,12.99
-5.71,13.00
-5.77,12.99
-5.83,13.00
-5.89,12.98
-5.95,13.00
-6.01,12.99
-6.07,12.99
-6.13,12.98
-6.19,12.98
-6.25,12.99
-6.31,13.00
-6.37,12.99
-6.43,12.99
-6.49,12.99
-6.55,12.99
-6.61,12.99
-6.67,12.99
-6.73,12.98
-6.79,12.99
-6.85,12.99
-6.91,12.99
-6.97,12.99
-7.03,12.99
-7.09,13.00
-7.15,12.99
-7.21,12.99
-7.27,13.00
-7.33,12.99
-7.39,12.99
-7.45,12.98
-7.51,12.99
-7.57,12.99
-7.63,12.99
-7.69,12.99
-7.75,12.99
-7.81,12.99
-7.87,13.00
-7.93,12.98
-7.99,12.99
-8.05,12.99
-8.11,13.00
-8.17,12.99
-8.23,12.99
-8.29,12.99
-8.35,12.99
-8.41,13.00
-8.47,12.99
-8.53,12.99
-8.59,12.99
-8.65,12.99
-8.71,12.99
-8.77,12.99
-8.83,12.99
-8.89,12.97
-8.95,12.98
-9.01,12.99
-9.07,12.99
-9.13,12.98
-9.19,12.99
-9.25,13.00
-9.31,12.99
-9.37,13.01
-9.43,13.01
-9.49,13.00
-9.55,12.99
-9.61,12.99
-9.67,12.98
-9.73,12.99
-9.79,13.00
-9.85,13.00
-9.91,12.98
-9.97,13.00
-10.03,12.99
-10.09,12.99
-10.15,13.00
-10.21,12.98
-10.27,12.99
-10.33,12.98
-10.39,12.98
-10.45,12.98
-10.51,12.99
-10.57,12.99
-10.63,12.99
-10.69,12.99
-10.75,12.99
-10.81,12.98
-10.87,12.99
-10.93,12.99
-10.99,12.99
-11.05,13.00
-11.11,12.99
-11.17,12.99
-11.23,13.00
-11.29,12.99
-11.35,12.99
-11.41,13.00
-11.47,13.00
-11.53,12.99
-11.59,12.99
-11.65,12.99
-11.71,12.99
-11.77,12.99
-11.83,12.98
-11.89,12.98
-11.95,12.99
-12.01,12.99
-12.07,12.99
-12.13,12.99
-12.19,12.99
-12.25,12.99
-12.31,12.99
-12.37,12.98
-12.43,12.99
-12.49,12.98
-12.55,12.98
-12.61,12.99
-12.67,12.99
-12.73,12.99
-12.79,12.98
-12.85,12.99
-12.91,12.99
-12.97,12.97
-13.03,12.98
-13.09,12.98
-13.15,12.99
-13.21,12.99
-13.27,13.00
-13.33,12.99
-13.39,12.99
-13.45,12.99
-13.51,12.98
-13.57,12.98
-13.63,12.98
-13.69,12.99
-13.75,12.98
-13.81,12.99
-13.87,12.99
-13.93,12.97
-13.99,12.99
-14.05,12.98
-14.11,12.99
-14.17,12.98
-14.23,12.99
-14.29,12.99
-14.35,12.99
-14.41,12.98
-14.47,12.98
-14.53,12.99
-14.59,12.99
-14.65,12.98
-14.71,13.00
-14.77,12.99
-14.83,12.99
-14.89,12.98
-14.95,12.99
-15.01,12.98
-15.07,12.99
-15.13,12.99
-15.19,13.00
-15.25,12.99
-15.31,12.98
-15.37,12.98
-15.43,12.99
-15.49,12.98
-15.55,12.99
-15.61,13.00
-15.67,12.98
-15.73,12.99
-15.79,12.98
-15.85,12.99
-15.91,12.98
-15.97,12.98
-16.03,12.99
-16.09,12.98
-16.15,12.98
-16.21,12.99
-16.27,12.98
-16.33,12.99
-16.39,12.99
-16.45,12.99
-16.51,12.99
-16.57,13.00
-16.63,12.99
-16.69,12.99
-16.75,12.98
-16.81,12.98
-16.87,12.99
-16.93,12.98
-16.99,12.99
-17.05,12.99
-17.11,12.99
-17.17,12.99
-17.23,12.98
-17.29,12.99
-17.35,12.99
-17.41,12.99
-17.47,12.98
-17.53,12.99
-17.59,12.99
-17.65,12.99
-17.71,12.97
-17.77,12.98
-17.83,12.98
-17.89,12.99
-17.95,12.99
-18.01,12.98
-18.07,12.98
-18.13,12.98
-18.19,12.98
-18.25,12.99
-18.31,12.99
-18.37,12.99
-18.43,12.98
-18.49,12.99
-18.55,12.98
-18.61,12.99
-18.67,12.98
-18.73,12.99
-18.79,12.98
-18.85,12.99
-18.91,12.98
-18.97,12.98
-19.03,12.98
-19.09,12.98
-19.15,12.98
-19.21,12.98
-19.27,12.98
-19.33,12.98
-19.39,12.99
-19.45,12.98
-19.51,12.98
-19.57,12.99
-19.63,12.98
-19.69,12.98
-19.75,12.98
-19.81,12.99
-19.87,12.98
-19.93,12.98
-19.99,12.99
-20.05,12.98
-20.11,12.98
-20.17,12.99
-20.23,12.99
-20.29,12.98
-20.35,12.98
-20.41,12.98
-20.47,12.98
-20.53,12.98
-20.59,12.98
-20.65,12.99
-20.71,12.98
-20.77,12.98
-20.83,12.99
-20.89,13.00
-20.95,12.98
-21.01,12.97
-21.07,12.99
-21.13,12.97
-21.19,12.99
-21.25,12.97
-21.31,12.98
-21.37,13.00
-21.43,12.98
-21.49,12.98
-21.55,12.98
-21.61,12.99
-21.67,12.98
-21.73,12.98
-21.79,12.98
-21.85,12.98
-21.91,12.97
-21.97,12.99
-22.03,12.99
-22.09,12.98
-22.15,12.98
-22.21,12.98
-22.27,12.97
-22.33,12.99
-22.39,12.98
-22.45,12.98
-22.51,12.99
-22.57,12.98
-22.63,12.99
-22.69,12.97
-22.75,12.98
-22.81,12.99
-22.87,12.99
-22.93,12.98
-22.99,12.99
-23.05,12.99
-23.11,12.98
-23.17,13.00
-23.23,12.98
-23.29,12.97
-23.35,12.99
-23.41,12.99
-23.47,12.99
-23.53,12.99
-23.59,12.97
-23.65,12.97
-23.71,12.99
-23.77,12.99
-23.83,12.99
-23.89,12.99
-23.95,12.99
-24.01,12.99
-24.07,12.98
-24.13,12.98
-24.19,12.98
-24.25,12.98
-24.31,12.98
-24.37,12.99
-24.43,12.98
-24.49,12.98
-24.55,12.98
-24.61,12.98
-24.67,12.99
-24.73,12.98
-24.79,12.98
-24.85,12.98
-24.91,12.97
-24.97,12.98
-25.03,12.98
-25.09,12.99
-25.15,12.98
-25.21,12.98
-25.27,12.98
-25.33,12.98
-25.39,12.99
-25.45,12.99
-25.51,12.98
-25.57,12.98
-25.63,12.97
-25.69,12.97
-25.75,12.99
-25.81,12.99
-25.87,12.98
-25.93,12.98
-25.99,12.99
-26.05,12.98
-26.11,12.98
-26.17,12.98
-26.23,12.98
-26.29,12.98
-26.35,12.99
-26.41,12.98
-26.47,12.98
-26.53,12.98
-26.59,12.97
-26.65,12.98
-26.71,12.99
-26.77,12.98
-26.83,13.00
-26.89,12.98
-26.95,12.99
-27.01,12.97
-27.07,12.99
-27.13,12.97
-27.19,12.98
-27.25,12.98
-27.31,12.98
-27.37,12.99
-27.43,12.98
-27.49,12.98
-27.55,12.98
-27.61,12.99
-27.67,12.99
-27.73,12.98
-27.79,12.97
-27.85,12.99
-27.91,12.97
-27.97,12.98
-28.03,12.98
-28.09,12.99
-28.15,12.99
-28.21,12.98
-28.27,12.98
-28.33,12.98
-28.39,12.98
-28.45,12.97
-28.51,12.98
-28.57,12.99
-28.63,12.98
-28.69,12.97
-28.75,12.98
-28.81,12.98
-28.87,12.98
-28.93,12.98
-28.99,12.97
-29.05,12.98
-29.11,12.98
-29.17,12.99
-29.23,12.98
-29.29,12.98
-29.35,12.98
-29.41,12.98
-29.47,12.97
-29.53,12.97
-29.59,12.96
-29.65,12.97
-29.71,12.98
-29.77,12.98
-29.83,12.98
-29.89,12.99
-29.95,12.99
-30.01,12.98
-30.07,12.98
-30.13,12.98
-30.19,12.98
-30.25,12.98
-30.31,12.99
-30.37,12.97
-30.43,12.98
-30.49,12.98
-30.55,12.98
-30.61,12.98
-30.67,12.98
-30.73,12.99
-30.79,12.97
-30.85,12.98
-30.91,12.98
-30.97,12.99
-31.03,12.99
-31.09,12.98
-31.15,12.98
-31.21,12.98
-31.27,12.98
-31.33,12.97
-31.39,12.98
-31.45,12.98
-31.51,12.97
-31.57,12.97
-31.63,12.96
-31.69,12.98
-31.75,12.99
-31.81,12.98
-31.87,12.98
-31.93,12.98
-31.99,12.98
-32.05,12.97
-32.11,12.97
-32.17,12.97
-32.23,12.99
-32.29,12.98
-32.35,12.98
-32.41,12.97
-32.47,12.99
-32.53,12.99
-32.59,12.99
-32.65,12.96
-32.71,12.98
-32.77,12.98
-32.83,12.99
-32.89,12.98
-32.95,12.98
-33.01,12.98
-33.07,12.97
-33.13,12.97
-33.19,12.98
-33.25,12.99
-33.31,12.98
-33.37,12.98
-33.43,12.98
-33.49,12.97
-33.55,12.98
-33.61,12.99
-33.67,12.99
-33.73,12.98
-33.79,12.97
-33.85,12.97
-33.91,12.97
-33.97,12.98
-34.03,12.97
-34.09,12.98
-34.15,12.98
-34.21,12.99
-34.27,12.99
-34.33,12.98
-34.39,12.98
-34.45,12.99
-34.51,12.98
-34.57,12.98
-34.63,12.98
-34.69,12.98
-34.75,12.98
-34.81,12.98
-34.87,12.98
-34.93,12.99
-34.99,12.98
-35.05,12.97
-35.11,12.98
-35.17,12.98
-35.23,12.99
-35.29,12.99
-35.35,12.98
-35.41,12.98
-35.47,12.97
-35.53,12.98
-35.59,12.97
-35.65,12.98
-35.71,12.97
-35.77,12.98
-35.83,12.98
-35.89,12.99
-35.95,12.98
-36.01,12.98
-36.07,12.98
-36.13,12.99
-36.19,12.99
-36.25,12.99
-36.31,12.97
-36.37,12.98
-36.43,12.99
-36.49,12.98
-36.55,12.98
-36.61,12.99
-36.67,12.98
-36.73,12.98
-36.79,12.98
-36.85,12.98
-36.91,12.97
-36.97,12.98
-37.03,12.97
-37.09,12.98
-37.15,12.98
-37.21,12.97
-37.27,12.98
-37.33,12.99
-37.39,12.97
-37.45,12.98
-37.51,12.98
-37.57,12.97
-37.63,12.98
-37.69,12.97
-37.75,12.98
-37.81,12.97
-37.87,12.98
-37.93,12.99
-37.99,12.98
-38.05,12.96
-38.11,12.98
-38.17,12.99
-38.23,12.98
-38.29,12.98
-38.35,12.98
-38.41,12.97
-38.47,12.97
-38.53,12.98
-38.59,12.98
-38.65,12.99
-38.71,12.97
-38.77,12.97
-38.83,12.98
-38.89,12.98
-38.95,12.96
-39.01,12.98
-39.07,12.97
-39.13,12.98
-39.19,12.98
-39.25,12.98
-39.31,12.98
-39.37,12.99
-39.43,12.99
-39.49,12.99
-39.55,12.98
-39.61,12.97
-39.67,12.98
-39.73,12.98
-39.79,12.98
-39.85,12.98
-39.91,12.98
-39.97,12.97
-40.03,12.98
-40.09,12.97
-40.15,12.98
-40.21,12.97
-40.27,12.98
-40.33,12.97
-40.39,12.97
-40.45,12.97
-40.51,12.97
-40.57,12.98
-40.63,12.98
-40.69,12.98
-40.75,12.98
-40.81,12.99
-40.87,12.98
-40.93,12.98
-40.99,12.98
-41.05,12.98
-41.11,12.98
-41.17,12.99
-41.23,12.98
-41.29,12.98
-41.35,12.98
-41.41,12.98
-41.47,12.98
-41.53,12.99
-41.59,12.99
-41.65,12.99
-41.71,12.98
-41.77,12.98
-41.83,12.98
-41.89,12.99
-41.95,12.98
-42.01,12.99
-42.07,12.98
-42.13,12.97
-42.19,12.99
-42.25,12.99
-42.31,12.99
-42.37,12.98
-42.43,12.99
-42.49,12.98
-42.55,12.98
-42.61,12.99
-42.67,12.98
-42.73,12.97
-42.79,12.99
-42.85,12.99
-42.91,12.99
-42.97,12.99
-43.03,12.97
-43.09,12.98
-43.15,12.98
-43.21,12.98
-43.27,12.97
-43.33,12.98
-43.39,12.98
-43.45,12.99
-43.51,12.98
-43.57,12.98
-43.63,12.99
-43.69,12.98
-43.75,12.99
-43.81,12.98
-43.87,12.99
-43.93,12.98
-43.99,12.98
-44.05,12.98
-44.11,12.99
-44.17,12.99
-44.23,12.98
-44.29,12.98
-44.35,12.98
-44.41,12.98
-44.47,12.97
-44.53,12.99
-44.59,12.98
-44.65,12.98
-44.71,12.98
-44.77,12.97
-44.83,12.98
-44.89,12.98
-44.95,12.99
-45.01,12.98
-45.07,12.98
-45.13,12.99
-45.19,12.99
-45.25,12.99
-45.31,12.98
-45.37,12.99
-45.43,12.98
-45.49,12.98
-45.55,12.98
-45.61,12.98
-45.67,12.97
-45.73,12.98
-45.79,12.97
-45.85,12.98
-45.91,12.98
-45.97,12.98
-46.03,12.99
-46.09,12.97
-46.15,12.97
-46.21,12.99
-46.27,12.98
-46.33,12.97
-46.39,12.98
-46.45,12.98
-46.51,12.99
-46.57,12.98
-46.63,12.98
-46.69,12.98
-46.75,12.99
-46.81,12.98
-46.87,12.99
-46.93,12.99
-46.99,12.98
-47.05,12.97
-47.11,12.99
-47.17,12.98
-47.23,12.99
-47.29,12.99
-47.35,12.97
-47.41,12.97
-47.47,12.99
-47.53,12.98
-47.59,12.98
-47.65,12.98
-47.71,12.98
-47.77,12.99
-47.83,12.98
-47.89,12.98
-47.95,12.99
-48.01,12.98
-48.07,12.98
-48.13,12.99
-48.19,12.99
-48.25,12.98
-48.31,12.98
-48.37,12.98
-48.43,12.97
-48.49,12.98
-48.55,12.97
-48.61,12.98
-48.67,12.97
-48.73,12.98
-48.79,12.98
-48.85,12.99
-48.91,12.99
-48.97,12.98
-49.03,12.98
-49.09,12.98
-49.15,12.98
-49.21,12.99
-49.27,12.98
-49.33,12.99
-49.39,12.97
-49.45,12.98
-49.51,12.98
-49.57,12.97
-49.63,12.97
-49.69,12.98
-49.75,12.98
-49.81,12.98
-49.87,12.97
-49.93,12.98
-49.99,12.99
-50.05,12.98
-50.11,12.99
-50.17,12.98
-50.23,12.98
-50.29,12.97
-50.35,12.99
-50.41,12.98
-50.47,12.98
-50.53,12.97
-50.59,12.98
-50.65,12.97
-50.71,12.98
-50.77,12.97
-50.83,12.97
-50.89,12.98
-50.95,12.99
-51.01,12.98
-51.07,12.98
-51.13,12.97
-51.19,12.99
-51.25,12.99
-51.31,12.98
-51.37,12.99
-51.43,12.98
-51.49,12.98
-51.55,12.98
-51.61,12.99
-51.67,12.98
-51.73,12.99
-51.79,12.98
-51.85,12.97
-51.91,12.98
-51.97,12.99
-52.03,12.99
-52.09,12.98
-52.15,12.97
-52.21,12.97
-52.27,12.98
-52.33,12.98
-52.39,12.98
-52.45,12.98
-52.51,12.98
-52.57,12.98
-52.63,12.97
-52.69,12.98
-52.75,12.98
-52.81,12.97
-52.87,12.98
-52.93,12.99
-52.99,12.98
-53.05,12.98
-53.11,12.98
-53.17,12.98
-53.23,12.99
-53.29,12.99
-53.35,12.98
-53.41,12.99
-53.47,12.99
-53.53,12.99
-53.59,12.97
-53.65,12.99
-53.71,12.99
-53.77,12.99
-53.83,13.00
-53.89,12.99
-53.95,12.99
-54.01,13.00
-54.07,12.99
-54.13,12.98
-54.19,12.98
-54.25,12.97
-54.31,12.98
-54.37,12.98
-54.43,12.98
-54.49,12.99
-54.55,12.98
-54.61,12.97
-54.67,12.98
-54.73,12.98
-54.79,12.98
-54.85,12.99
-54.91,12.98
-54.97,12.99
-55.03,12.99
-55.09,12.98
-55.15,12.98
-55.21,12.99
-55.27,12.98
-55.33,12.98
-55.39,12.98
-55.45,12.98
-55.51,12.97
-55.57,12.99
-55.63,12.99
-55.69,12.98
-55.75,12.97
-55.81,12.98
-55.87,12.98
-55.93,12.99
-55.99,12.98
-56.05,12.99
-56.11,12.99
-56.17,12.98
-56.23,12.98
-56.29,12.97
-56.35,12.98
-56.41,12.98
-56.47,12.99
-56.53,12.97
-56.59,12.98
-56.65,12.98
-56.71,12.98
-56.77,12.97
-56.83,12.98
-56.89,12.98
-56.95,12.98
-57.01,12.98
-57.07,12.99
-57.13,12.98
-57.19,12.99
-57.25,12.98
-57.31,13.00
-57.37,12.98
-57.43,12.98
-57.49,12.98
-57.55,12.98
-57.61,12.98
-57.67,12.98
-57.73,12.98
-57.79,12.98
-57.85,12.98
-57.91,12.98
-57.97,12.98
-58.03,12.99
-58.09,12.99
-58.15,12.98
-58.21,12.99
-58.27,12.99
-58.33,12.98
-58.39,12.98
-58.45,12.97
-58.51,12.98
-58.57,12.99
-58.63,12.99
-58.69,12.99
-58.75,12.97
-58.81,12.98
-58.87,12.98
-58.93,12.98
-58.99,12.98
-59.05,12.98
-59.11,12.98
-59.17,12.98
-59.23,12.99
-59.29,12.99
-59.35,12.97
-59.41,12.98
-59.47,12.97
-59.53,12.99
-59.59,12.99
-59.65,12.98
-59.71,12.97
-59.77,12.98
-59.83,12.98
-59.89,12.98
-59.95,13.00
-60.01,12.98
-60.07,12.98
-60.13,12.99
-60.19,12.99
-60.25,12.99
-60.31,12.99
-60.37,12.99
-60.43,12.98
-60.49,12.99
-60.55,12.98
-60.61,12.97
-60.67,12.97
-60.73,12.98
-60.79,12.99
-60.85,12.98
-60.91,12.98
-60.97,12.99
-61.03,12.98
-61.09,12.99
-61.15,12.98
-61.21,12.98
-61.27,12.99
-61.33,12.99
-61.39,12.98
-61.45,12.98
-61.51,12.98
-61.57,12.98
-61.63,12.98
-61.69,12.97
-61.75,12.98
-61.81,12.99
-61.87,12.99
-61.93,12.98
-61.99,12.99
-62.05,12.99
-62.11,13.00
-62.17,12.98
-62.23,12.98
-62.29,12.98
-62.35,12.99
-62.41,12.98
-62.47,12.99
-62.53,12.98
-62.59,12.98
-62.65,12.99
-62.71,12.99
-62.77,12.99
-62.83,12.99
-62.89,12.99
-62.95,12.98
-63.01,12.99
-63.07,12.99
-63.13,12.98
-63.19,12.98
-63.25,12.99
-63.31,12.97
-63.37,12.99
-63.43,12.99
-63.49,12.97
-63.55,12.98
-63.61,12.98
-63.67,12.98
-63.73,12.98
-63.79,12.99
-63.85,12.98
-63.91,12.98
-63.97,12.98
-64.03,12.99
-64.09,12.98
-64.15,12.98
-64.21,12.97
-64.27,12.99
-64.33,12.99
-64.39,12.99
-64.45,12.97
-64.51,12.98
-64.57,12.99
-64.63,12.97
-64.69,12.99
-64.75,12.99
-64.81,12.98
-64.87,12.98
-64.93,12.98
-64.99,12.99
-65.05,12.97
-65.11,12.97
-65.17,12.97
-65.23,12.98
-65.29,12.98
-65.35,12.98
-65.41,12.99
-65.47,12.98
-65.53,12.98
-65.59,12.99
-65.65,12.99
-65.71,12.97
-65.77,12.98
-65.83,13.00
-65.89,12.98
-65.95,12.98
-66.01,12.98
-66.07,12.99
-66.13,12.98
-66.19,12.98
-66.25,12.99
-66.31,12.99
-66.37,12.98
-66.43,12.99
-66.49,12.99
-66.55,12.98
-66.61,12.98
-66.67,12.99
-66.73,12.99
-66.79,12.98
-66.85,12.98
-66.91,12.99
-66.97,12.98
-67.03,12.98
-67.09,12.99
-67.15,12.99
-67.21,12.97
-67.27,12.99
-67.33,12.99
-67.39,12.98
-67.45,12.99
-67.51,12.98
-67.57,12.98
-67.63,12.98
-67.69,12.98
-67.75,12.98
-67.81,12.98
-67.87,12.98
-67.93,12.99
-67.99,12.97
-68.05,12.99
-68.11,12.98
-68.17,12.99
-68.23,12.99
-68.29,12.99
-68.35,12.98
-68.41,12.99
-68.47,13.00
-68.53,12.99
-68.59,12.99
-68.65,12.98
-68.71,13.00
-68.77,12.99
-68.83,12.99
-68.89,12.98
-68.95,12.99
-69.01,12.98
-69.07,12.98
-69.13,12.98
-69.19,13.00
-69.25,12.99
-69.31,12.98
-69.37,12.99
-69.43,12.98
-69.49,12.98
-69.55,12.99
-69.61,12.98
-69.67,12.98
-69.73,12.99
-69.79,12.99
-69.85,12.98
-69.91,12.98
-69.97,12.98
-70.03,12.98
-70.09,12.98
-70.15,12.98
-70.21,12.98
-70.27,12.99
-70.33,12.99
-70.39,12.98
-70.45,12.98
-70.51,12.98
-70.57,12.98
-70.63,12.99
-70.69,12.98
-70.75,12.98
-70.81,12.97
-70.87,12.98
-70.93,12.97
-70.99,12.97
-71.05,12.98
-71.11,12.98
-71.17,12.98
-71.23,12.99
-71.29,12.99
-71.35,12.99
-71.41,12.99
-71.47,12.99
-71.53,12.99
-71.59,12.99
-71.65,12.98
-71.71,12.99
-71.77,12.98
-71.83,12.98
-71.89,12.98
-71.95,12.99
-72.01,12.98
-72.07,12.98
-72.13,13.00
-72.19,12.98
-72.25,12.99
-72.31,12.98
-72.37,13.00
-72.43,12.99
-72.49,12.98
-72.55,12.99
-72.61,13.00
-72.67,12.99
-72.73,12.99
-72.79,12.98
-72.85,12.99
-72.91,12.98
-72.97,12.98
-73.03,12.98
-73.09,12.98
-73.15,12.98
-73.21,12.99
-73.27,13.00
-73.33,12.99
-73.39,12.99
-73.45,13.00
-73.51,12.99
-73.57,12.99
-73.63,12.98
-73.69,12.98
-73.75,12.98
-73.81,12.99
-73.87,12.98
-73.93,13.00
-73.99,12.99
-74.05,12.99
-74.11,12.99
-74.17,12.99
-74.23,12.99
-74.29,12.99
-74.35,12.98
-74.41,12.99
-74.47,12.99
-74.53,12.98
-74.59,12.99
-74.65,12.99
-74.71,12.99
-74.77,12.99
-74.83,12.99
-74.89,12.98
-74.95,12.98
-75.01,13.00
-75.07,12.98
-75.13,12.99
-75.19,12.98
-75.25,12.99
-75.31,12.99
-75.37,12.98
-75.43,12.98
-75.49,12.97
-75.55,12.97
-75.61,12.98
-75.67,12.99
-75.73,12.99
-75.79,12.99
-75.85,12.98
-75.91,12.99
-75.97,12.99
-76.03,12.98
-76.09,12.98
-76.15,12.99
-76.21,13.00
-76.27,12.99
-76.33,12.99
-76.39,12.98
-76.45,12.98
-76.51,12.99
-76.57,12.99
-76.63,12.99
-76.69,12.98
-76.75,12.99
-76.81,12.99
-76.87,12.99
-76.93,12.98
-76.99,12.99
-77.05,12.98
-77.11,12.99
-77.17,12.99
-77.23,12.98
-77.29,12.99
-77.35,12.99
-77.41,12.99
-77.47,12.99
-77.53,12.98
-77.59,12.98
-77.65,12.99
-77.71,12.99
-77.77,12.99
-77.83,12.99
-77.89,12.99
-77.95,12.98
-78.01,13.00
-78.07,12.99
-78.13,12.99
-78.19,12.99
-78.25,12.98
-78.31,12.99
-78.37,12.99
-78.43,12.99
-78.49,12.99
-78.55,12.99
-78.61,12.99
-78.67,13.00
-78.73,12.99
-78.79,12.98
-78.85,12.99
-78.91,12.98
-78.97,12.98
-79.03,12.99
-79.09,12.98
-79.15,12.99
-79.21,12.99
-79.27,12.99
-79.33,12.99
-79.39,12.98
-79.45,12.98
-79.51,12.98
-79.57,12.99
-79.63,12.98
-79.69,12.97
-79.75,12.99
-79.81,12.99
-79.87,13.01
-79.93,12.99
-79.99,12.99
-80.05,12.99
-80.11,12.98
-80.17,12.98
-80.23,12.99
-80.29,12.99
-80.35,12.97
-80.41,12.98
-80.47,12.98
-80.53,12.99
-80.59,13.00
-80.65,12.98
-80.71,12.99
-80.77,12.98
-80.83,12.99
-80.89,12.99
-80.95,13.00
-81.01,12.99
-81.07,12.99
-81.13,12.98
-81.19,12.99
-81.25,13.01
-81.31,12.99
-81.37,12.98
-81.43,12.99
-81.49,12.98
-81.55,12.99
-81.61,12.99
-81.67,13.00
-81.73,12.98
-81.79,12.99
-81.85,12.98
-81.91,12.99
-81.97,12.99
-82.03,12.99
-82.09,12.99
-82.15,12.99
-82.21,12.99
-82.27,12.99
-82.33,12.98
-82.39,12.98
-82.45,12.97
-82.51,12.98
-82.57,12.97
-82.63,12.98
-82.69,12.99
-82.75,12.98
-82.81,12.98
-82.87,12.99
-82.93,12.99
-82.99,12.99
-83.05,12.98
-83.11,12.99
-83.17,12.98
-83.23,12.99
-83.29,12.98
-83.35,12.99
-83.41,12.99
-83.47,12.99
-83.53,12.98
-83.59,12.99
-83.65,12.98
-83.71,12.98
-83.77,13.00
-83.83,12.99
-83.89,12.98
-83.95,12.98
-84.01,12.99
-84.07,12.98
-84.13,12.98
-84.19,12.99
-84.25,12.98
-84.31,13.00
-84.37,13.00
-84.43,12.99
-84.49,12.99
-84.55,13.00
-84.61,13.00
-84.67,12.98
-84.73,12.98
-84.79,12.98
-84.85,12.99
-84.91,12.98
-84.97,13.00
-85.03,12.99
-85.09,12.99
-85.15,12.98
-85.21,12.98
-85.27,12.98
-85.33,12.98
-85.39,12.99
-85.45,12.99
-85.51,12.99
-85.57,12.99
-85.63,12.99
-85.69,13.00
-85.75,12.98
-85.81,12.98
-85.87,12.99
-85.93,12.99
-85.99,12.98
-86.05,12.99
-86.11,12.98
-86.17,12.99
-86.23,13.00
-86.29,12.99
-86.35,12.97
-86.41,12.99
-86.47,12.99
-86.53,12.98
-86.59,12.99
-86.65,12.99
-86.71,12.99
-86.77,12.99
-86.83,13.00
-86.89,12.98
-86.95,12.98
-87.01,12.99
-87.07,12.99
-87.13,12.98
-87.19,12.99
-87.25,12.99
-87.31,12.99
-87.37,12.99
-87.43,12.99
-87.49,12.98
-87.55,12.97
-87.61,12.99
-87.67,13.00
-87.73,12.99
-87.79,12.99
-87.85,12.99
-87.91,13.00
-87.97,12.99
-88.03,12.99
-88.09,12.99
-88.15,12.99
-88.21,12.98
-88.27,12.98
-88.33,12.98
-88.39,12.98
-88.45,12.98
-88.51,12.99
-88.57,12.98
-88.63,12.99
-88.69,12.99
-88.75,12.99
-88.81,12.99
-88.87,12.99
-88.93,12.98
-88.99,12.99
-89.05,13.00
-89.11,12.99
-89.17,13.00
-89.23,13.00
-89.29,12.98
-89.35,12.98
-89.41,13.00
-89.47,12.99
-89.53,13.00
-89.59,12.99
-89.65,12.98
-89.71,13.00
-89.77,13.00
-89.83,12.99
-89.89,13.00
-89.95,12.99
-90.01,12.99
-90.07,13.00
-90.13,12.99
-90.19,12.99
-90.25,12.99
-90.31,12.99
-90.37,13.00
-90.43,12.99
-90.49,12.99
-90.55,12.98
-90.61,13.00
-90.67,12.99
-90.73,12.98
-90.79,12.99
-90.85,12.99
-90.91,13.00
-90.97,12.99
-91.03,13.00
-91.09,13.00
-91.15,12.98
-91.21,12.99
-91.27,12.99
-91.33,12.98
-91.39,12.99
-91.45,12.99
-91.51,12.99
-91.57,12.98
-91.63,12.99
-91.69,12.98
-91.75,12.98
-91.81,12.99
-91.87,12.99
-91.93,13.00
-91.99,12.99
-92.05,13.00
-92.11,12.99
-92.17,12.99
-92.23,12.99
-92.29,13.00
-92.35,13.00
-92.41,12.99
-92.47,12.99
-92.53,12.98
-92.59,12.98
-92.65,13.00
-92.71,12.99
-92.77,12.99
-92.83,12.98
-92.89,12.99
-92.95,12.99
-93.01,12.99
-93.07,12.99
-93.13,12.99
-93.19,12.98
-93.25,12.97
-93.31,12.98
-93.37,12.99
-93.43,13.00
-93.49,12.99
-93.55,12.97
-93.61,12.98
-93.67,13.00
-93.73,12.99
-93.79,12.98
-93.85,12.99
-93.91,12.99
-93.97,12.98
-94.03,12.99
-94.09,12.99
-94.15,12.98
-94.21,12.98
-94.27,12.99
-94.33,12.99
-94.39,12.99
-94.45,13.00
-94.51,13.00
-94.57,13.00
-94.63,12.98
-94.69,12.99
-94.75,12.99
-94.81,13.00
-94.87,12.99
-94.93,12.99
-94.99,12.98
-95.05,12.99
-95.11,13.00
-95.17,13.00
-95.23,12.98
-95.29,12.98
-95.35,12.98
-95.41,12.98
-95.47,12.98
-95.53,13.00
-95.59,13.00
-95.65,13.00
-95.71,12.99
-95.77,12.98
-95.83,12.98
-95.89,12.99
-95.95,12.99
-96.01,12.99
-96.07,12.99
-96.13,12.99
-96.19,12.99
-96.25,12.98
-96.31,12.98
-96.37,12.99
-96.43,12.99
-96.49,12.98
-96.55,12.99
-96.61,13.00
-96.67,12.99
-96.73,12.99
-96.79,12.99
-96.85,12.99
-96.91,12.98
-96.97,12.98
-97.03,12.98
-97.09,12.98
-97.15,12.98
-97.21,12.99
-97.27,12.97
-97.33,12.98
-97.39,12.98
-97.45,12.99
-97.51,13.00
-97.57,12.99
-97.63,12.99
-97.69,12.99
-97.75,13.00
-97.81,12.99
-97.87,12.99
-97.93,12.99
-97.99,12.98
-98.05,12.97
-98.11,12.98
-98.17,12.99
-98.23,12.99
-98.29,12.99
-98.35,12.99
-98.41,13.00
-98.47,12.99
-98.53,12.99
-98.59,12.99
-98.65,13.00
-98.71,12.99
-98.77,12.99
-98.83,12.99
-98.89,12.99
-98.95,12.99
-99.01,12.99
-99.07,12.98
-99.13,12.99
-99.19,13.00
-99.25,12.99
-99.31,12.99
-99.37,13.00
-99.43,13.00
-99.49,12.99
-99.55,12.98
-99.61,12.99
-99.67,12.99
-99.73,12.99
-99.79,12.99
-99.85,12.99
-99.91,13.00
-99.97,12.99
-100.03,12.99
-100.09,12.99
-100.15,12.99
-100.21,12.99
-100.27,12.98
-100.33,12.98
-100.39,13.00
-100.45,12.98
-100.51,12.98
-100.57,12.99
-100.63,12.99
-100.69,12.99
-100.75,12.99
-100.81,12.99
-100.87,12.99
-100.93,12.99
-100.99,12.98
-101.05,12.99
-101.11,12.98
-101.17,13.00
-101.23,12.99
-101.29,12.99
-101.35,12.98
-101.41,12.98
-101.47,12.98
-101.53,12.99
-101.59,13.00
-101.65,12.98
-101.71,12.98
-101.77,12.99
-101.83,12.99
-101.89,12.98
-101.95,12.99
-102.01,12.98
-102.07,12.98
-102.13,13.00
-102.19,12.99
-102.25,12.98
-102.31,12.99
-102.37,12.98
-102.43,12.99
-102.49,12.99
-102.55,12.99
-102.61,12.99
-102.67,12.99
-102.73,12.98
-102.79,12.99
-102.85,12.99
-102.91,12.99
-102.97,12.99
-103.03,13.00
-103.09,12.99
-103.15,12.99
-103.21,12.99
-103.27,12.98
-103.33,12.99
-103.39,12.98
-103.45,12.98
-103.51,12.99
-103.57,12.99
-103.63,12.99
-103.69,12.99
-103.75,12.99
-103.81,12.99
-103.87,12.99
-103.93,12.99
-103.99,12.99
-104.05,12.99
-104.11,13.00
-104.17,12.99
-104.23,13.00
-104.29,12.99
-104.35,12.99
-104.41,12.99
-104.47,12.99
-104.53,12.98
-104.59,12.99
-104.65,12.99
-104.71,12.98
-104.77,12.99
-104.83,12.98
-104.89,12.99
-104.95,13.00
-105.01,12.99
-105.07,13.00
-105.13,12.98
-105.19,13.00
-105.25,12.98
-105.31,12.99
-105.37,12.98
-105.43,12.99
-105.49,13.00
-105.55,12.99
-105.61,12.99
-105.67,13.00
-105.73,12.99
-105.79,12.99
-105.85,13.00
-105.91,12.99
-105.97,13.00
-106.03,12.99
-106.09,13.00
-106.15,12.99
-106.21,12.98
-106.27,12.99
-106.33,12.98
-106.39,12.99
-106.45,12.99
-106.51,12.99
-106.57,12.98
-106.63,13.00
-106.69,12.99
-106.75,12.98
-106.81,12.99
-106.87,12.98
-106.93,12.99
-106.99,12.98
-107.05,12.98
-107.11,12.99
-107.17,12.99
-107.23,12.99
-107.29,12.99
-107.35,12.99
-107.41,12.99
-107.47,13.00
-107.53,12.99
-107.59,12.99
-107.65,12.98
-107.71,12.98
-107.77,12.98
-107.83,12.98
-107.89,12.99
-107.95,13.00
-108.01,12.99
-108.07,12.99
-108.13,12.98
-108.19,12.99
-108.25,12.98
-108.31,12.99
-108.37,12.99
-108.43,13.00
-108.49,12.98
-108.55,12.99
-108.61,12.99
-108.67,12.99
-108.73,13.00
-108.79,12.99
-108.85,13.00
-108.91,12.99
-108.97,12.99
-109.03,12.99
-109.09,12.99
-109.15,12.98
-109.21,12.98
-109.27,12.98
-109.33,12.99
-109.39,12.99
-109.45,12.99
-109.51,13.00
-109.57,12.99
-109.63,13.00
-109.69,12.99
-109.75,12.98
-109.81,12.98
-109.87,12.99
-109.93,13.00
-109.99,12.99
-110.05,12.99
-110.11,12.99
-110.17,13.01
-110.23,13.00
-110.29,12.99
-110.35,12.98
-110.41,12.98
-110.47,12.99
-110.53,12.99
-110.59,12.99
-110.65,13.00
-110.71,12.99
-110.77,13.00
-110.83,12.99
-110.89,12.99
-110.95,13.00
-111.01,12.99
-111.07,12.98
-111.13,12.99
-111.19,12.99
-111.25,13.00
-111.31,13.00
-111.37,13.00
-111.43,12.99
-111.49,12.99
-111.55,12.99
-111.61,13.00
-111.67,12.99
-111.73,12.99
-111.79,12.99
-111.85,13.00
-111.91,13.00
-111.97,12.99
-112.03,13.00
-112.09,13.00
-112.15,13.00
-112.21,13.00
-112.27,12.99
-112.33,12.98
-112.39,13.01
-112.45,12.98
-112.51,12.98
-112.57,12.99
-112.63,13.00
-112.69,12.99
-112.75,12.99
-112.81,13.00
-112.87,12.99
-112.93,12.99
-112.99,12.99
-113.05,12.99
-113.11,13.00
-113.17,13.00
-113.23,13.00
-113.29,13.00
-113.35,12.99
-113.41,12.98
-113.47,12.98
-113.53,12.99
-113.59,12.99
-113.65,13.01
-113.71,12.99
-113.77,12.99
-113.83,13.00
-113.89,12.99
-113.95,13.00
-114.01,12.98
-114.07,12.99
-114.13,12.99
-114.19,12.99
-114.25,12.99
-114.31,12.99
-114.37,13.01
-114.43,12.99
-114.49,12.99
-114.55,12.98
-114.61,12.99
-114.67,13.00
-114.73,13.00
-114.79,13.00
-114.85,12.99
-114.91,13.01
-114.97,12.99
-115.03,12.99
-115.09,12.99
-115.15,12.99
-115.21,12.99
-115.27,12.99
-115.33,12.99
-115.39,12.99
-115.45,12.98
-115.51,12.99
-115.57,13.00
-115.63,12.99
-115.69,12.99
-115.75,12.99
-115.81,13.00
-115.87,12.98
-115.93,12.99
-115.99,13.00
-116.05,13.00
-116.11,12.99
-116.17,12.99
-116.23,12.99
-116.29,13.00
-116.35,12.99
-116.41,12.99
-116.47,12.99
-116.53,12.99
-116.59,12.98
-116.65,12.99
-116.71,12.99
-116.77,12.99
-116.83,12.99
-116.89,12.98
-116.95,13.00
-117.01,12.99
-117.07,13.00
-117.13,13.01
-117.19,13.00
-117.25,12.99
-117.31,12.99
-117.37,13.00
-117.43,12.98
-117.49,12.98
-117.55,13.00
-117.61,12.99
-117.67,12.99
-117.73,12.99
-117.79,12.98
-117.85,12.99
-117.91,13.00
-117.97,13.01
-118.03,12.99
-118.09,12.99
-118.15,13.00
-118.21,12.99
-118.27,12.99
-118.33,12.99
-118.39,12.99
-118.45,12.99
-118.51,12.98
-118.57,12.99
-118.63,13.00
-118.69,13.01
-118.75,13.00
-118.81,12.98
-118.87,12.99
-118.93,12.99
-118.99,12.99
-119.05,12.99
-119.11,12.99
-119.17,12.99
-119.23,12.99
-119.29,12.98
-119.35,12.98
-119.41,12.99
-119.47,12.98
-119.53,13.00
-119.59,12.99
-119.65,12.98
-119.71,12.99
-119.77,12.99
-119.83,12.99
-119.89,12.98
-119.95,12.99
-120.01,12.98
-120.07,12.99
-120.13,13.01
-120.19,13.00
-120.25,13.00
-120.31,12.99
-120.37,12.99
-120.43,13.00
-120.49,13.00
-120.55,13.00
-120.61,12.99
-120.67,12.99
-120.73,13.00
-120.79,13.00
-120.85,12.99
-120.91,12.98
-120.97,12.98
-121.03,12.99
-121.09,13.00
-121.15,12.99
-121.21,13.00
-121.27,13.01
-121.33,13.00
-121.39,12.99
-121.45,13.00
-121.51,13.00
-121.57,12.99
-121.63,12.99
-121.69,12.99
-121.75,13.00
-121.81,13.00
-121.87,12.99
-121.93,12.99
-121.99,12.99
-122.05,12.98
-122.11,13.00
-122.17,13.00
-122.23,13.00
-122.29,12.99
-122.35,12.99
-122.41,12.99
-122.47,12.99
-122.53,12.99
-122.59,12.98
-122.65,12.99
-122.71,12.99
-122.77,12.99
-122.83,12.98
-122.89,12.99
-122.95,12.99
-123.01,13.00
-123.07,13.00
-123.13,12.99
-123.19,13.00
-123.25,13.00
-123.31,12.99
-123.37,12.99
-123.43,12.99
-123.49,12.99
-123.55,12.99
-123.61,13.00
-123.67,12.99
-123.73,13.00
-123.79,13.01
-123.85,12.99
-123.91,13.00
-123.97,13.00
-124.03,12.99
-124.09,12.99
-124.15,13.00
-124.21,12.98
-124.27,12.99
-124.33,13.00
-124.39,12.99
-124.45,12.99
-124.51,13.00
-124.57,12.99
-124.63,12.98
-124.69,12.99
-124.75,13.00
-124.81,12.99
-124.87,12.99
-124.93,12.98
-124.99,12.99
-125.05,12.99
-125.11,12.99
-125.17,13.00
-125.23,13.00
-125.29,13.01
-125.35,12.99
-125.41,13.00
-125.47,12.99
-125.53,12.99
-125.59,12.99
-125.65,13.00
-125.71,13.00
-125.77,13.00
-125.83,12.99
-125.89,13.00
-125.95,13.00
-126.01,12.99
-126.07,13.00
-126.13,13.00
-126.19,12.99
-126.25,12.99
-126.31,13.01
-126.37,13.00
-126.43,12.99
-126.49,13.00
-126.55,13.00
-126.61,13.00
-126.67,12.99
-126.73,13.00
-126.79,12.99
-126.85,12.99
-126.91,12.99
-126.97,12.99
-127.03,12.99
-127.09,12.99
-127.15,12.99
-127.21,12.99
-127.27,13.00
-127.33,12.99
-127.39,12.99
-127.45,13.00
-127.51,12.99
-127.57,12.99
-127.63,12.99
-127.69,12.99
-127.75,13.01
-127.81,13.00
-127.87,12.99
-127.93,12.99
-127.99,13.00
-128.05,12.99
-128.11,13.01
-128.17,13.01
-128.23,12.99
-128.29,13.00
-128.35,12.99
-128.41,13.00
-128.47,13.00
-128.53,12.99
-128.59,13.00
-128.65,12.99
-128.71,12.99
-128.77,12.99
-128.83,12.99
-128.89,12.99
-128.95,13.00
-129.01,13.00
-129.07,12.99
-129.13,12.99
-129.19,12.99
-129.25,12.98
-129.31,12.99
-129.37,13.00
-129.43,13.00
-129.49,13.00
-129.55,13.00
-129.61,13.00
-129.67,13.00
-129.73,13.01
-129.79,12.99
-129.85,13.01
-129.91,13.00
-129.97,12.99
-130.03,12.99
-130.09,12.99
-130.15,12.99
-130.21,13.00
-130.27,13.00
-130.33,13.00
-130.39,13.00
-130.45,13.00
-130.51,13.00
-130.57,13.00
-130.63,13.00
-130.69,13.00
-130.75,13.00
-130.81,13.00
-130.87,12.99
-130.93,13.00
-130.99,12.98
-131.05,13.01
-131.11,13.00
-131.17,13.00
-131.23,13.01
-131.29,13.00
-131.35,13.00
-131.41,12.99
-131.47,13.00
-131.53,13.00
-131.59,13.00
-131.65,13.00
-131.71,13.00
-131.77,12.99
-131.83,13.01
-131.89,13.01
-131.95,13.00
-132.01,12.99
-132.07,13.00
-132.13,13.00
-132.19,13.00
-132.25,13.01
-132.31,13.00
-132.37,12.99
-132.43,13.00
-132.49,13.00
-132.55,13.00
-132.61,12.99
-132.67,12.99
-132.73,13.00
-132.79,13.00
-132.85,13.00
-132.91,13.01
-132.97,13.01
-133.03,13.00
-133.09,13.00
-133.15,13.00
-133.21,13.00
-133.27,12.99
-133.33,13.00
-133.39,13.00
-133.45,13.00
-133.51,13.00
-133.57,13.00
-133.63,13.00
-133.69,13.00
-133.75,13.00
-133.81,13.00
-133.87,12.99
-133.93,13.00
-133.99,13.01
-134.05,13.00
-134.11,13.00
-134.17,13.00
-134.23,13.00
-134.29,12.99
-134.35,13.00
-134.41,13.00
-134.47,13.00
-134.53,13.00
-134.59,12.99
-134.65,13.00
-134.71,12.99
-134.77,12.99
-134.83,13.00
-134.89,13.00
-134.95,13.00
-135.01,13.00
-135.07,13.00
-135.13,12.99
-135.19,13.00
-135.25,13.00
-135.31,13.00
-135.37,12.99
-135.43,13.00
-135.49,13.00
-135.55,13.00
-135.61,13.00
-135.67,13.00
-135.73,13.00
-135.79,12.99
-135.85,13.00
-135.91,13.00
-135.97,12.99
-136.03,12.99
-136.09,13.00
-136.15,12.99
-136.21,13.00
-136.27,13.00
-136.33,13.00
-136.39,13.00
-136.45,13.00
-136.51,13.00
-136.57,12.99
-136.63,13.00
-136.69,13.01
-136.75,13.00
-136.81,13.00
-136.87,13.00
-136.93,13.00
-136.99,13.00
-137.05,13.00
-137.11,12.99
-137.17,13.00
-137.23,13.00
-137.29,12.99
-137.35,13.00
-137.41,13.00
-137.47,13.00
-137.53,13.00
-137.59,13.00
-137.65,13.01
-137.71,13.00
-137.77,13.00
-137.83,13.00
-137.89,12.99
-137.95,13.00
-138.01,12.99
-138.07,12.99
-138.13,13.00
-138.19,13.00
-138.25,13.00
-138.31,12.99
-138.37,12.99
-138.43,13.00
-138.49,12.99
-138.55,13.00
-138.61,13.01
-138.67,13.00
-138.73,13.00
-138.79,13.00
-138.85,13.01
-138.91,13.00
-138.97,12.99
-139.03,12.99
-139.09,13.00
-139.15,13.00
-139.21,12.99
-139.27,12.99
-139.33,13.00
-139.39,13.00
-139.45,12.99
-139.51,12.98
-139.57,12.99
-139.63,13.01
-139.69,13.00
-139.75,13.00
-139.81,13.00
-139.87,13.00
-139.93,13.01
-139.99,13.00
-140.05,13.00
-140.11,13.00
-140.17,13.00
-140.23,13.00
-140.29,13.02
-140.35,13.00
-140.41,13.00
-140.47,13.00
-140.53,13.00
-140.59,13.00
-140.65,13.01
-140.71,13.00
-140.77,13.01
-140.83,13.00
-140.89,13.01
-140.95,12.99
-141.01,13.00
-141.07,13.00
-141.13,13.00
-141.19,13.00
-141.25,13.00
-141.31,13.01
-141.37,13.00
-141.43,12.99
-141.49,13.01
-141.55,13.01
-141.61,13.01
-141.67,13.00
-141.73,13.00
-141.79,13.01
-141.85,12.99
-141.91,12.99
-141.97,12.99
-142.03,13.01
-142.09,13.00
-142.15,13.00
-142.21,13.00
-142.27,13.00
-142.33,13.00
-142.39,12.99
-142.45,13.00
-142.51,13.00
-142.57,13.01
-142.63,13.00
-142.69,13.00
-142.75,13.00
-142.81,13.00
-142.87,13.00
-142.93,13.00
-142.99,13.01
-143.05,13.00
-143.11,12.99
-143.17,13.00
-143.23,13.00
-143.29,13.00
-143.35,13.00
-143.41,13.00
-143.47,12.99
-143.53,13.00
-143.59,12.99
-143.65,13.00
-143.71,13.00
-143.77,13.00
-143.83,13.01
-143.89,13.01
-143.95,12.99
-144.01,12.99
-144.07,13.00
-144.13,12.99
-144.19,12.99
-144.25,12.99
-144.31,13.01
-144.37,13.01
-144.43,13.00
-144.49,13.00
-144.55,13.00
-144.61,13.00
-144.67,13.00
-144.73,13.01
-144.79,13.01
-144.85,13.00
-144.91,12.99
-144.97,13.00
-145.03,13.00
-145.09,13.00
-145.15,12.99
-145.21,13.00
-145.27,12.99
-145.33,13.01
-145.39,13.00
-145.45,13.01
-145.51,12.99
-145.57,12.99
-145.63,13.00
-145.69,13.00
-145.75,12.99
-145.81,13.00
-145.87,12.99
-145.93,13.00
-145.99,13.00
-146.05,13.00
-146.11,12.99
-146.17,12.99
-146.23,13.00
-146.29,13.00
-146.35,13.00
-146.41,13.00
-146.47,13.00
-146.53,13.00
-146.59,12.99
-146.65,12.99
-146.71,13.00
-146.77,13.00
-146.83,12.99
-146.89,13.00
-146.95,13.00
-147.01,13.00
-147.07,13.00
-147.13,13.00
-147.19,13.01
-147.25,13.00
-147.31,13.00
-147.37,12.99
-147.43,13.00
-147.49,13.00
-147.55,13.00
-147.61,13.01
-147.67,12.99
-147.73,13.00
-147.79,13.00
-147.85,13.01
-147.91,13.00
-147.97,13.00
-148.03,13.00
-148.09,12.99
-148.15,12.99
-148.21,13.00
-148.27,13.01
-148.33,12.99
-148.39,12.99
-148.45,13.01
-148.51,13.00
-148.57,12.99
-148.63,13.01
-148.69,13.00
-148.75,12.99
-148.81,13.01
-148.87,13.01
-148.93,13.01
-148.99,13.00
-149.05,13.00
-149.11,13.00
-149.17,13.00
-149.23,13.00
-149.29,13.00
-149.35,12.99
-149.41,13.01
-149.47,13.00
-149.53,13.01
-149.59,12.99
-149.65,13.00
-149.71,13.00
-149.77,13.01
-149.83,13.00
-149.89,13.00
-149.95,13.01
-150.01,12.99
-150.07,13.01
-150.13,13.00
-150.19,13.00
-150.25,13.00
-150.31,13.00
-150.37,13.01
-150.43,12.99
-150.49,12.99
-150.55,12.99
-150.61,13.00
-150.67,13.00
-150.73,13.01
-150.79,13.00
-150.85,13.00
-150.91,12.99
-150.97,13.00
-151.03,13.00
-151.09,12.99
-151.15,13.00
-151.21,13.00
-151.27,13.00
-151.33,13.00
-151.39,13.00
-151.45,13.00
-151.51,12.99
-151.57,13.00
-151.63,13.00
-151.69,13.00
-151.75,12.99
-151.81,13.00
-151.87,13.01
-151.93,12.99
-151.99,13.00
-152.05,13.00
-152.11,13.00
-152.17,13.00
-152.23,13.00
-152.29,13.00
-152.35,13.00
-152.41,13.00
-152.47,13.00
-152.53,13.01
-152.59,13.01
-152.65,13.01
-152.71,13.00
-152.77,12.99
-152.83,13.00
-152.89,12.99
-152.95,13.00
-153.01,13.00
-153.07,12.99
-153.13,13.00
-153.19,13.00
-153.25,13.00
-153.31,13.00
-153.37,13.01
-153.43,13.00
-153.49,13.00
-153.55,13.00
-153.61,13.00
-153.67,13.00
-153.73,12.99
-153.79,13.00
-153.85,13.00
-153.91,12.99
-153.97,12.99
-154.03,13.00
-154.09,12.99
-154.15,13.01
-154.21,13.00
-154.27,13.00
-154.33,13.00
-154.39,13.00
-154.45,13.00
-154.51,13.00
-154.57,13.00
-154.63,13.00
-154.69,13.00
-154.75,12.99
-154.81,13.00
-154.87,13.00
-154.93,13.00
-154.99,13.00
-155.05,13.00
-155.11,13.01
-155.17,13.00
-155.23,12.99
-155.29,12.99
-155.35,13.01
-155.41,13.01
-155.47,13.00
-155.53,13.00
-155.59,13.00
-155.65,13.00
-155.71,13.00
-155.77,12.99
-155.83,12.99
-155.89,13.00
-155.95,13.00
-156.01,13.00
-156.07,13.01
-156.13,13.00
-156.19,13.00
-156.25,13.00
-156.31,12.99
-156.37,13.00
-156.43,13.01
-156.49,12.99
-156.55,13.00
-156.61,13.00
-156.67,13.01
-156.73,12.99
-156.79,13.00
-156.85,13.01
-156.91,13.01
-156.97,13.00
-157.03,13.00
-157.09,13.00
-157.15,12.99
-157.21,13.00
-157.27,13.00
-157.33,13.00
-157.39,13.01
-157.45,13.00
-157.51,13.00
-157.57,12.99
-157.63,13.00
-157.69,12.99
-157.75,13.01
-157.81,13.00
-157.87,13.00
-157.93,12.99
-157.99,13.00
-158.05,13.00
-158.11,13.00
-158.17,13.01
-158.23,13.00
-158.29,13.00
-158.35,13.00
-158.41,12.99
-158.47,13.00
-158.53,13.00
-158.59,13.00
-158.65,13.01
-158.71,13.00
-158.77,13.00
-158.83,13.00
-158.89,13.00
-158.95,13.00
-159.01,13.00
-159.07,12.99
-159.13,12.99
-159.19,13.00
-159.25,13.00
-159.31,13.00
-159.37,13.00
-159.43,13.01
-159.49,13.01
-159.55,12.99
-159.61,12.99
-159.67,13.00
-159.73,13.00
-159.79,13.00
-159.85,13.01
-159.91,13.01
-159.97,12.99
-160.03,13.00
-160.09,12.99
-160.15,13.01
-160.21,13.01
-160.27,13.01
-160.33,13.01
-160.39,13.01
-160.45,13.00
-160.51,12.99
-160.57,13.00
-160.63,13.00
-160.69,12.99
-160.75,13.00
-160.81,13.00
-160.87,13.00
-160.93,13.00
-160.99,13.00
-161.05,13.00
-161.11,13.01
-161.17,13.01
-161.23,13.02
-161.29,13.00
-161.35,13.01
-161.41,13.00
-161.47,12.99
-161.53,13.00
-161.59,12.99
-161.65,13.00
-161.71,13.00
-161.77,13.00
-161.83,13.00
-161.89,13.00
-161.95,13.00
-162.01,13.00
-162.07,13.00
-162.13,13.00
-162.19,13.08
-162.25,13.55
-162.31,14.33
-162.37,15.02
-162.43,15.57
-162.49,15.93
-162.55,16.22
-162.61,16.44
-162.67,16.60
-162.73,16.70
-162.79,16.75
-162.85,16.80
-162.91,16.83
-162.97,16.84
-163.03,16.86
-163.09,16.87
-163.15,16.88
-163.21,16.90
-163.27,16.91
-163.33,16.93
-163.39,16.92
-163.45,16.92
-163.51,16.93
-163.57,16.92
-163.63,16.93
-163.69,16.93
-163.75,16.93
-163.81,16.94
-163.87,16.93
-163.93,16.93
-163.99,16.92
-164.05,16.94
-164.11,16.93
-164.17,16.92
-164.23,16.93
-164.29,16.94
-164.35,16.94
-164.41,16.95
-164.47,16.93
-164.53,16.95
-164.59,16.93
-164.65,16.94
-164.71,16.94
-164.77,16.94
-164.83,16.94
-164.89,16.93
-164.95,16.94
-165.01,16.93
-165.07,16.93
-165.13,16.93
-165.19,16.94
-165.25,16.95
-165.31,16.94
-165.37,16.94
-165.43,16.94
-165.49,16.94
-165.55,16.93
-165.61,16.93
-165.67,16.94
-165.73,16.95
-165.79,16.93
-165.85,16.94
-165.91,16.93
-165.97,16.93
-166.03,16.94
-166.09,16.94
-166.15,16.94
-166.21,16.94
-166.27,16.93
-166.33,16.93
-166.39,16.93
-166.45,16.94
-166.51,16.94
-166.57,16.94
-166.63,16.96
-166.69,16.95
-166.75,16.94
-166.81,16.94
-166.87,16.95
-166.93,16.94
-166.99,16.94
-167.05,16.94
-167.11,16.95
-167.17,16.95
-167.23,16.94
-167.29,16.94
-167.35,16.93
-167.41,16.94
-167.47,16.94
-167.53,16.94
-167.59,16.95
-167.65,16.95
-167.71,16.95
-167.77,16.95
-167.83,16.95
-167.89,16.95
-167.95,16.95
-168.01,16.95
-168.07,16.94
-168.13,16.93
-168.19,16.94
-168.25,16.95
-168.31,16.95
-168.37,16.94
-168.43,16.95
-168.49,16.95
-168.55,16.94
-168.61,16.95
-168.67,16.95
-168.73,16.95
-168.79,16.96
-168.85,16.95
-168.91,16.94
-168.97,16.94
-169.03,16.95
-169.09,16.94
-169.15,16.94
-169.21,16.96
-169.27,16.95
-169.33,16.95
-169.39,16.95
-169.45,16.94
-169.51,16.96
-169.57,16.95
-169.63,16.95
-169.69,16.95
-169.75,16.95
-169.81,16.94
-169.87,16.95
-169.93,16.96
-169.99,16.96
-170.05,16.96
-170.11,16.96
-170.17,16.96
-170.23,16.95
-170.29,16.95
-170.35,16.95
-170.41,16.96
-170.47,16.94
-170.53,16.96
-170.59,16.95
-170.65,16.96
-170.71,16.95
-170.77,16.96
-170.83,16.96
-170.89,16.96
-170.95,16.96
-171.01,16.94
-171.07,16.95
-171.13,16.95
-171.19,16.95
-171.25,16.95
-171.31,16.95
-171.37,16.94
-171.43,16.95
-171.49,16.95
-171.55,16.96
-171.61,16.95
-171.67,16.95
-171.73,16.95
-171.79,16.96
-171.85,16.95
-171.91,16.96
-171.97,16.97
-172.03,16.96
-172.09,16.94
-172.15,16.95
-172.21,16.96
-172.27,16.95
-172.33,16.94
-172.39,16.94
-172.45,16.96
-172.51,16.96
-172.57,16.95
-172.63,16.95
-172.69,16.96
-172.75,16.96
-172.81,16.95
-172.87,16.95
-172.93,16.95
-172.99,16.95
-173.05,16.96
-173.11,16.96
-173.17,16.97
-173.23,16.96
-173.29,16.96
-173.35,16.96
-173.41,16.96
-173.47,16.96
-173.53,16.95
-173.59,16.95
-173.65,16.96
-173.71,16.96
-173.77,16.96
-173.83,16.96
-173.89,16.95
-173.95,16.95
-174.01,16.96
-174.07,16.96
-174.13,16.96
-174.19,16.96
-174.25,16.95
-174.31,16.95
-174.37,16.96
-174.43,16.97
-174.49,16.97
-174.55,16.96
-174.61,16.96
-174.67,16.96
-174.73,16.96
-174.79,16.97
-174.85,16.96
-174.91,16.96
-174.97,16.97
-175.03,16.96
-175.09,16.96
-175.15,16.96
-175.21,16.96
-175.27,16.97
-175.33,16.96
-175.39,16.96
-175.45,16.96
-175.51,16.97
-175.57,16.96
-175.63,16.97
-175.69,16.96
-175.75,16.96
-175.81,16.96
-175.87,16.96
-175.93,16.95
-175.99,16.97
-176.05,16.96
-176.11,16.96
-176.17,16.96
-176.23,16.96
-176.29,16.96
-176.35,16.96
-176.41,16.96
-176.47,16.96
-176.53,16.96
-176.59,16.97
-176.65,16.97
-176.71,16.96
-176.77,16.97
-176.83,16.97
-176.89,16.97
-176.95,16.96
-177.01,16.96
-177.07,16.95
-177.13,16.96
-177.19,16.96
-177.25,16.96
-177.31,16.96
-177.37,16.96
-177.43,16.96
-177.49,16.97
-177.55,16.96
-177.61,16.98
-177.67,16.97
-177.73,16.97
-177.79,16.97
-177.85,16.98
-177.91,16.97
-177.97,16.97
-178.03,16.96
-178.09,16.97
-178.15,16.96
-178.21,16.97
-178.27,16.96
-178.33,16.97
-178.39,16.96
-178.45,16.98
-178.51,16.96
-178.57,16.96
-178.63,16.98
-178.69,16.96
-178.75,16.97
-178.81,16.98
-178.87,16.97
-178.93,16.97
-178.99,16.97
-179.05,16.97
-179.11,16.96
-179.17,16.97
-179.23,16.98
-179.29,16.98
-179.35,16.97
-179.41,16.96
-179.47,16.98
-179.53,16.98
-179.59,16.97
-179.65,16.97
-179.71,16.97
-179.77,16.97
-179.83,16.97
-179.89,16.97
-179.95,16.98
-180.01,16.97
-180.07,16.98
-180.13,16.97
-180.19,16.96
-180.25,16.97
-180.31,16.97
-180.37,16.97
-180.43,16.97
-180.49,16.98
-180.55,16.98
-180.61,16.98
-180.67,16.98
-180.73,16.97
-180.79,16.97
-180.85,16.96
-180.91,16.97
-180.97,16.98
-181.03,16.97
-181.09,16.98
-181.15,16.97
-181.21,16.97
-181.27,16.97
-181.33,16.97
-181.39,16.97
-181.45,16.98
-181.51,16.97
-181.57,16.97
-181.63,16.97
-181.69,16.97
-181.75,16.98
-181.81,16.97
-181.87,16.97
-181.93,16.98
-181.99,16.98
-182.05,16.98
-182.11,16.97
-182.17,16.98
-182.23,16.98
-182.29,16.98
-182.35,16.98
-182.41,16.98
-182.47,16.98
-182.53,16.97
-182.59,16.98
-182.65,16.97
-182.71,16.98
-182.77,16.97
-182.83,16.97
-182.89,16.98
-182.95,16.98
-183.01,16.98
-183.07,16.97
-183.13,16.97
-183.19,16.97
-183.25,16.97
-183.31,16.98
-183.37,16.97
-183.43,16.97
-183.49,16.98
-183.55,16.98
-183.61,16.98
-183.67,16.98
-183.73,16.97
-183.79,16.98
-183.85,16.98
-183.91,16.97
-183.97,16.98
-184.03,16.97
-184.09,16.97
-184.15,16.97
-184.21,16.97
-184.27,16.97
-184.33,16.98
-184.39,16.98
-184.45,16.98
-184.51,16.98
-184.57,16.97
-184.63,16.98
-184.69,16.98
-184.75,16.97
-184.81,16.97
-184.87,16.98
-184.93,16.97
-184.99,16.97
-185.05,16.98
-185.11,16.98
-185.17,16.98
-185.23,16.98
-185.29,16.97
-185.35,16.98
-185.41,16.97
-185.47,16.97
-185.53,16.98
-185.59,16.97
-185.65,16.98
-185.71,16.98
-185.77,16.97
-185.83,16.98
-185.89,16.97
-185.95,16.98
-186.01,16.98
-186.07,16.98
-186.13,16.97
-186.19,16.98
-186.25,16.99
-186.31,16.98
-186.37,16.98
-186.43,16.98
-186.49,16.98
-186.55,16.97
-186.61,16.98
-186.67,16.98
-186.73,16.97
-186.79,16.97
-186.85,16.98
-186.91,16.98
-186.97,16.98
-187.03,16.97
-187.09,16.98
-187.15,16.98
-187.21,16.98
-187.27,16.98
-187.33,16.98
-187.39,16.98
-187.45,16.98
-187.51,16.98
-187.57,16.97
-187.63,16.97
-187.69,16.98
-187.75,16.98
-187.81,16.97
-187.87,16.98
-187.93,16.97
-187.99,16.97
-188.05,16.98
-188.11,16.98
-188.17,16.98
-188.23,16.98
-188.29,16.98
-188.35,16.98
-188.41,16.98
-188.47,16.98
-188.53,16.98
-188.59,16.98
-188.65,16.98
-188.71,16.97
-188.77,16.99
-188.83,16.98
-188.89,16.97
-188.95,16.98
-189.01,16.98
-189.07,16.98
-189.13,16.98
-189.19,16.98
-189.25,16.98
-189.31,16.99
-189.37,16.98
-189.43,16.98
-189.49,16.97
-189.55,16.98
-189.61,16.98
-189.67,16.98
-189.73,16.98
-189.79,16.97
-189.85,16.98
-189.91,16.98
-189.97,16.98
-190.03,16.99
-190.09,16.98
-190.15,16.98
-190.21,16.98
-190.27,16.98
-190.33,16.97
-190.39,16.99
-190.45,16.99
-190.51,16.98
-190.57,16.98
-190.63,16.98
-190.69,16.99
-190.75,16.98
-190.81,16.98
-190.87,16.98
-190.93,16.98
-190.99,16.98
-191.05,16.98
-191.11,16.98
-191.17,16.98
-191.23,16.98
-191.29,16.99
-191.35,16.98
-191.41,16.98
-191.47,16.98
-191.53,16.98
-191.59,16.98
-191.65,16.98
-191.71,16.98
-191.77,16.98
-191.83,16.97
-191.89,16.98
-191.95,16.98
-192.01,16.98
-192.07,16.98
-192.13,16.98
-192.19,16.98
-192.25,16.98
-192.31,16.99
-192.37,16.98
-192.43,16.98
-192.49,16.98
-192.55,16.98
-192.61,16.98
-192.67,16.98
-192.73,16.98
-192.79,16.98
-192.85,16.99
-192.91,16.98
-192.97,16.98
-193.03,16.98
-193.09,16.98
-193.15,16.98
-193.21,16.97
-193.27,16.98
-193.33,16.98
-193.39,16.98
-193.45,16.98
-193.51,16.99
-193.57,16.98
-193.63,16.98
-193.69,16.98
-193.75,16.98
-193.81,16.98
-193.87,16.97
-193.93,16.98
-193.99,16.98
-194.05,16.98
-194.11,16.99
-194.17,16.98
-194.23,16.98
-194.29,16.98
-194.35,16.99
-194.41,16.99
-194.47,16.98
-194.53,16.98
-194.59,16.98
-194.65,16.98
-194.71,16.98
-194.77,16.98
-194.83,16.98
-194.89,16.98
-194.95,16.98
-195.01,16.99
-195.07,16.98
-195.13,16.98
-195.19,16.97
-195.25,16.99
-195.31,16.99
-195.37,16.99
-195.43,16.99
-195.49,16.99
-195.55,16.98
-195.61,16.98
-195.67,16.97
-195.73,16.98
-195.79,16.99
-195.85,16.98
-195.91,16.97
-195.97,16.98
-196.03,16.98
-196.09,16.98
-196.15,16.99
-196.21,16.98
-196.27,16.98
-196.33,16.98
-196.39,16.98
-196.45,16.97
-196.51,16.98
-196.57,16.98
-196.63,16.97
-196.69,16.98
-196.75,16.98
-196.81,16.97
-196.87,16.98
-196.93,16.98
-196.99,16.98
-197.05,16.98
-197.11,16.98
-197.17,16.98
-197.23,16.99
-197.29,16.98
-197.35,16.98
-197.41,16.99
-197.47,16.98
-197.53,16.98
-197.59,16.98
-197.65,16.98
-197.71,16.98
-197.77,16.99
-197.83,16.98
-197.89,16.98
-197.95,16.97
-198.01,16.99
-198.07,16.98
-198.13,16.98
-198.19,16.98
-198.25,16.98
-198.31,16.98
-198.37,16.98
-198.43,16.98
-198.49,16.99
-198.55,16.98
-198.61,16.98
-198.67,16.98
-198.73,16.99
-198.79,16.98
-198.85,16.98
-198.91,16.98
-198.97,16.98
-199.03,16.98
-199.09,16.98
-199.15,16.98
-199.21,16.99
-199.27,16.98
-199.33,16.98
-199.39,16.98
-199.45,16.99
-199.51,16.98
-199.57,16.98
-199.63,16.98
-199.69,16.98
-199.75,16.98
-199.81,16.99
-199.87,16.98
-199.93,16.98
-199.99,16.98
-200.05,16.98
-200.11,16.98
-200.17,16.99
-200.23,16.98
-200.29,16.98
-200.35,16.98
-200.41,16.98
-200.47,16.97
-200.53,16.98
-200.59,16.99
-200.65,16.98
-200.71,16.98
-200.77,16.97
-200.83,16.98
-200.89,16.98
-200.95,16.98
-201.01,16.99
-201.07,16.99
-201.13,16.98
-201.19,16.97
-201.25,16.98
-201.31,16.98
-201.37,16.97
-201.43,16.98
-201.49,16.98
-201.55,16.98
-201.61,16.98
-201.67,16.99
-201.73,16.98
-201.79,16.98
-201.85,16.99
-201.91,16.98
-201.97,16.98
-202.03,16.98
-202.09,16.98
-202.15,16.98
-202.21,16.99
-202.27,16.98
-202.33,16.98
-202.39,16.98
-202.45,16.98
-202.51,16.98
-202.57,16.99
-202.63,16.98
-202.69,16.98
-202.75,16.98
-202.81,16.99
-202.87,16.98
-202.93,16.98
-202.99,16.98
-203.05,16.99
-203.11,16.98
-203.17,16.98
-203.23,16.99
-203.29,16.98
-203.35,16.98
-203.41,16.98
-203.47,16.98
-203.53,16.98
-203.59,16.98
-203.65,16.98
-203.71,16.97
-203.77,16.98
-203.83,16.98
-203.89,16.98
-203.95,16.98
-204.01,16.98
-204.07,16.99
-204.13,16.99
-204.19,16.99
-204.25,16.98
-204.31,16.99
-204.37,16.99
-204.43,16.98
-204.49,16.99
-204.55,16.98
-204.61,16.97
-204.67,16.98
-204.73,16.99
-204.79,16.98
-204.85,16.99
-204.91,17.00
-204.97,17.00
-205.03,17.00
-205.09,17.01
-205.15,17.02
-205.21,17.02
-205.27,17.02
-205.33,17.02
-205.39,17.03
-205.45,17.03
-205.51,17.02
-205.57,17.02
-205.63,17.02
-205.69,17.02
-205.75,17.02
-205.81,17.02
-205.87,17.02
-205.93,17.02
-205.99,17.01
-206.05,17.02
-206.11,17.02
-206.17,17.01
-206.23,17.01
-206.29,17.02
-206.35,17.02
-206.41,17.01
-206.47,17.01
-206.53,17.01
-206.59,17.01
-206.65,17.01
-206.71,17.02
-206.77,17.01
-206.83,17.01
-206.89,17.02
-206.95,17.02
-207.01,17.01
-207.07,17.00
-207.13,17.00
-207.19,17.01
-207.25,17.01
-207.31,17.01
-207.37,17.01
-207.43,17.02
-207.49,17.01
-207.55,17.01
-207.61,17.02
-207.67,17.00
-207.73,17.00
-207.79,17.01
-207.85,17.00
-207.91,17.01
-207.97,17.01
-208.03,17.00
-208.09,17.02
-208.15,17.02
-208.21,17.01
-208.27,17.01
-208.33,17.01
-208.39,17.00
-208.45,17.01
-208.51,17.01
-208.57,17.02
-208.63,17.02
-208.69,17.02
-208.75,17.02
-208.81,17.01
-208.87,17.00
-208.93,17.02
-208.99,17.01
-209.05,17.01
-209.11,17.01
-209.17,17.01
-209.23,17.01
-209.29,17.01
-209.35,17.01
-209.41,17.02
-209.47,17.02
-209.53,17.02
-209.59,17.02
-209.65,17.02
-209.71,17.02
-209.77,17.02
-209.83,17.01
-209.89,17.01
-209.95,17.01
-210.01,17.02
-210.07,17.01
-210.13,17.00
-210.19,17.01
-210.25,17.01
-210.31,17.01
-210.37,17.01
-210.43,17.02
-210.49,17.01
-210.55,17.02
-210.61,17.00
-210.67,17.01
-210.73,17.02
-210.79,17.02
-210.85,17.00
-210.91,17.02
-210.97,17.01
-211.03,17.01
-211.09,17.00
-211.15,17.00
-211.21,17.01
-211.27,17.01
-211.33,17.02
-211.39,17.01
-211.45,17.01
-211.51,17.01
-211.57,17.01
-211.63,17.01
-211.69,17.01
-211.75,17.01
-211.81,17.00
-211.87,17.01
-211.93,17.00
-211.99,17.02
-212.05,17.01
-212.11,17.01
-212.17,17.02
-212.23,17.01
-212.29,17.01
-212.35,17.01
-212.41,17.02
-212.47,17.01
-212.53,17.00
-212.59,17.01
-212.65,17.01
-212.71,17.01
-212.77,17.02
-212.83,17.01
-212.89,17.00
-212.95,17.02
-213.01,17.01
-213.07,17.02
-213.13,17.01
-213.19,17.01
-213.25,17.01
-213.31,17.01
-213.37,17.02
-213.43,17.01
-213.49,17.01
-213.55,17.01
-213.61,17.02
-213.67,17.02
-213.73,17.02
-213.79,17.01
-213.85,17.01
-213.91,17.01
-213.97,17.02
-214.03,17.01
-214.09,17.01
-214.15,17.02
-214.21,17.00
-214.27,17.01
-214.33,17.01
-214.39,17.01
-214.45,17.01
-214.51,17.01
-214.57,17.02
-214.63,17.02
-214.69,17.01
-214.75,17.02
-214.81,17.01
-214.87,17.00
-214.93,17.01
-214.99,17.01
-215.05,17.01
-215.11,17.01
-215.17,17.02
-215.23,17.02
-215.29,17.01
-215.35,17.02
-215.41,17.01
-215.47,17.02
-215.53,17.02
-215.59,17.01
-215.65,17.02
-215.71,17.02
-215.77,17.02
-215.83,17.02
-215.89,17.01
-215.95,17.01
-216.01,17.01
-216.07,17.02
-216.13,17.02
-216.19,17.03
-216.25,17.02
-216.31,17.02
-216.37,17.01
-216.43,17.02
-216.49,17.03
-216.55,17.03
-216.61,17.02
-216.67,17.03
-216.73,17.01
-216.79,17.02
-216.85,17.02
-216.91,17.02
-216.97,17.01
-217.03,17.01
-217.09,17.01
-217.15,17.02
-217.21,17.03
-217.27,17.01
-217.33,17.02
-217.39,17.02
-217.45,17.02
-217.51,17.01
-217.57,17.02
-217.63,17.02
-217.69,17.02
-217.75,17.02
-217.81,17.02
-217.87,17.01
-217.93,17.02
-217.99,17.02
-218.05,17.02
-218.11,17.03
-218.17,17.02
-218.23,17.02
-218.29,17.02
-218.35,17.02
-218.41,17.02
-218.47,17.01
-218.53,17.02
-218.59,17.01
-218.65,17.01
-218.71,17.01
-218.77,17.01
-218.83,17.02
-218.89,17.02
-218.95,17.02
-219.01,17.01
-219.07,17.02
-219.13,17.02
-219.19,17.02
-219.25,17.02
-219.31,17.02
-219.37,17.01
-219.43,17.02
-219.49,17.02
-219.55,17.02
-219.61,17.01
-219.67,17.03
-219.73,17.03
-219.79,17.01
-219.85,17.03
-219.91,17.03
-219.97,17.03
-220.03,17.01
-220.09,17.03
-220.15,17.03
-220.21,17.02
-220.27,17.03
-220.33,17.03
-220.39,17.02
-220.45,17.01
-220.51,17.02
-220.57,17.02
-220.63,17.02
-220.69,17.01
-220.75,17.02
-220.81,17.03
-220.87,17.02
-220.93,17.02
-220.99,17.04
-221.05,17.02
-221.11,17.02
-221.17,17.02
-221.23,17.02
-221.29,17.02
-221.35,17.01
-221.41,17.01
-221.47,17.02
-221.53,17.02
-221.59,17.01
-221.65,17.03
-221.71,17.03
-221.77,17.01
-221.83,17.02
-221.89,17.01
-221.95,17.02
-222.01,17.02
-222.07,17.02
-222.13,17.03
-222.19,17.03
-222.25,17.02
-222.31,17.02
-222.37,17.03
-222.43,17.03
-222.49,17.02
-222.55,17.02
-222.61,17.02
-222.67,17.02
-222.73,17.03
-222.79,17.03
-222.85,17.01
-222.91,17.03
-222.97,17.03
-223.03,17.02
-223.09,17.01
-223.15,17.02
-223.21,17.03
-223.27,17.02
-223.33,17.03
-223.39,17.03
-223.45,17.02
-223.51,17.02
-223.57,17.01
-223.63,17.01
-223.69,17.01
-223.75,17.01
-223.81,17.02
-223.87,17.03
-223.93,17.02
-223.99,17.01
-224.05,17.02
-224.11,17.02
-224.17,17.02
-224.23,17.03
-224.29,17.02
-224.35,17.03
-224.41,17.02
-224.47,17.03
-224.53,17.01
-224.59,17.02
-224.65,17.01
-224.71,17.02
-224.77,17.02
-224.83,17.02
-224.89,17.01
-224.95,17.02
-225.01,17.02
-225.07,17.03
-225.13,17.02
-225.19,17.02
-225.25,17.02
-225.31,17.02
-225.37,17.02
-225.43,17.03
-225.49,17.03
-225.55,17.03
-225.61,17.02
-225.67,17.02
-225.73,17.02
-225.79,17.02
-225.85,17.03
-225.91,17.03
-225.97,17.01
-226.03,17.03
-226.09,17.01
-226.15,17.01
-226.21,17.02
-226.27,17.00
-226.33,17.03
-226.39,17.02
-226.45,17.02
-226.51,17.02
-226.57,17.03
-226.63,17.04
-226.69,17.02
-226.75,17.02
-226.81,17.01
-226.87,17.03
-226.93,17.03
-226.99,17.03
-227.05,17.01
-227.11,17.02
-227.17,17.03
-227.23,17.03
-227.29,17.02
-227.35,17.03
-227.41,17.02
-227.47,17.02
-227.53,17.02
-227.59,17.03
-227.65,17.02
-227.71,17.03
-227.77,17.02
-227.83,17.03
-227.89,17.02
-227.95,17.04
-228.01,17.02
-228.07,17.02
-228.13,17.03
-228.19,17.03
-228.25,17.02
-228.31,17.03
-228.37,17.03
-228.43,17.02
-228.49,17.02
-228.55,17.03
-228.61,17.04
-228.67,17.03
-228.73,17.02
-228.79,17.03
-228.85,17.01
-228.91,17.03
-228.97,17.02
-229.03,17.03
-229.09,17.04
-229.15,17.03
-229.21,17.04
-229.27,17.03
-229.33,17.02
-229.39,17.02
-229.45,17.03
-229.51,17.03
-229.57,17.03
-229.63,17.03
-229.69,17.03
-229.75,17.03
-229.81,17.02
-229.87,17.02
-229.93,17.02
-229.99,17.03
-230.05,17.02
-230.11,17.02
-230.17,17.02
-230.23,17.02
-230.29,17.02
-230.35,17.03
-230.41,17.03
-230.47,17.02
-230.53,17.03
-230.59,17.03
-230.65,17.02
-230.71,17.02
-230.77,17.03
-230.83,17.03
-230.89,17.02
-230.95,17.02
-231.01,17.02
-231.07,17.03
-231.13,17.02
-231.19,17.03
-231.25,17.02
-231.31,17.03
-231.37,17.02
-231.43,17.03
-231.49,17.02
-231.55,17.02
-231.61,17.02
-231.67,17.03
-231.73,17.03
-231.79,17.03
-231.85,17.02
-231.91,17.02
-231.97,17.03
-232.03,17.02
-232.09,17.03
-232.15,17.02
-232.21,17.03
-232.27,17.03
-232.33,17.03
-232.39,17.03
-232.45,17.02
-232.51,17.03
-232.57,17.03
-232.63,17.02
-232.69,17.03
-232.75,17.04
-232.81,17.03
-232.87,17.03
-232.93,17.02
-232.99,17.04
-233.05,17.03
-233.11,17.03
-233.17,17.03
-233.23,17.02
-233.29,17.03
-233.35,17.02
-233.41,17.02
-233.47,17.03
-233.53,17.03
-233.59,17.04
-233.65,17.04
-233.71,17.03
-233.77,17.04
-233.83,17.02
-233.89,17.03
-233.95,17.03
-234.01,17.02
-234.07,17.02
-234.13,17.03
-234.19,17.03
-234.25,17.03
-234.31,17.04
-234.37,17.04
-234.43,17.02
-234.49,17.03
-234.55,17.03
-234.61,17.02
-234.67,17.04
-234.73,17.02
-234.79,17.03
-234.85,17.03
-234.91,17.03
-234.97,17.02
-235.03,17.03
-235.09,17.03
-235.15,17.03
-235.21,17.03
-235.27,17.03
-235.33,17.03
-235.39,17.03
-235.45,17.03
-235.51,17.03
-235.57,17.03
-235.63,17.02
-235.69,17.02
-235.75,17.02
-235.81,17.03
-235.87,17.03
-235.93,17.03
-235.99,17.03
-236.05,17.03
-236.11,17.02
-236.17,17.03
-236.23,17.03
-236.29,17.04
-236.35,17.03
-236.41,17.03
-236.47,17.03
-236.53,17.03
-236.59,17.03
-236.65,17.03
-236.71,17.02
-236.77,17.03
-236.83,17.02
-236.89,17.02
-236.95,17.02
-237.01,17.03
-237.07,17.03
-237.13,17.03
-237.19,17.02
-237.25,17.02
-237.31,17.04
-237.37,17.03
-237.43,17.03
-237.49,17.03
-237.55,17.03
-237.61,17.03
-237.67,17.03
-237.73,17.02
-237.79,17.04
-237.85,17.03
-237.91,17.04
-237.97,17.03
-238.03,17.04
-238.09,17.03
-238.15,17.03
-238.21,17.04
-238.27,17.03
-238.33,17.03
-238.39,17.02
-238.45,17.02
-238.51,17.03
-238.57,17.03
-238.63,17.03
-238.69,17.03
-238.75,17.03
-238.81,17.03
-238.87,17.02
-238.93,17.03
-238.99,17.02
-239.05,17.01
-239.11,17.03
-239.17,17.02
-239.23,17.03
-239.29,17.04
-239.35,17.03
-239.41,17.03
-239.47,17.03
-239.53,17.03
-239.59,17.03
-239.65,17.03
-239.71,17.02
-239.77,17.03
-239.83,17.03
-239.89,17.03
-239.95,17.02
-240.01,17.02
-240.07,17.04
-240.13,17.03
-240.19,17.03
-240.25,17.03
-240.31,17.03
-240.37,17.03
-240.43,17.03
-240.49,17.03
-240.55,17.03
-240.61,17.04
-240.67,17.03
-240.73,17.04
-240.79,17.03
-240.85,17.04
-240.91,17.03
-240.97,17.03
-241.03,17.03
-241.09,17.03
-241.15,17.03
-241.21,17.03
-241.27,17.03
-241.33,17.04
-241.39,17.03
-241.45,17.02
-241.51,17.04
-241.57,17.03
-241.63,17.04
-241.69,17.03
-241.75,17.03
-241.81,17.03
-241.87,17.03
-241.93,17.03
-241.99,17.03
-242.05,17.05
-242.11,17.04
-242.17,17.03
-242.23,17.03
-242.29,17.03
-242.35,17.03
-242.41,17.02
-242.47,17.03
-242.53,17.03
-242.59,17.03
-242.65,17.03
-242.71,17.03
-242.77,17.03
-242.83,17.03
-242.89,17.03
-242.95,17.03
-243.01,17.03
-243.07,17.03
-243.13,17.03
-243.19,17.03
-243.25,17.04
-243.31,17.03
-243.37,17.03
-243.43,17.04
-243.49,17.03
-243.55,17.03
-243.61,17.03
-243.67,17.03
-243.73,17.03
-243.79,17.02
-243.85,17.03
-243.91,17.03
-243.97,17.02
-244.03,17.04
-244.09,17.04
-244.15,17.04
-244.21,17.03
-244.27,17.03
-244.33,17.03
-244.39,17.03
-244.45,17.03
-244.51,17.03
-244.57,17.03
-244.63,17.03
-244.69,17.03
-244.75,17.03
-244.81,17.02
-244.87,17.02
-244.93,17.03
-244.99,17.03
-245.05,17.03
-245.11,17.02
-245.17,17.03
-245.23,17.03
-245.29,17.03
-245.35,17.02
-245.41,17.03
-245.47,17.03
-245.53,17.03
-245.59,17.03
-245.65,17.02
-245.71,17.03
-245.77,17.02
-245.83,17.03
-245.89,17.04
-245.95,17.04
-246.01,17.03
-246.07,17.03
-246.13,17.03
-246.19,17.03
-246.25,17.03
-246.31,17.02
-246.37,17.04
-246.43,17.03
-246.49,17.02
-246.55,17.03
-246.61,17.03
-246.67,17.02
-246.73,17.03
-246.79,17.04
-246.85,17.04
-246.91,17.03
-246.97,17.02
-247.03,17.04
-247.09,17.03
-247.15,17.04
-247.21,17.03
-247.27,17.03
-247.33,17.04
-247.39,17.02
-247.45,17.04
-247.51,17.04
-247.57,17.03
-247.63,17.03
-247.69,17.03
-247.75,17.04
-247.81,17.03
-247.87,17.03
-247.93,17.03
-247.99,17.03
-248.05,17.03
-248.11,17.02
-248.17,17.03
-248.23,17.02
-248.29,17.03
-248.35,17.03
-248.41,17.03
-248.47,17.03
-248.53,17.03
-248.59,17.04
-248.65,17.03
-248.71,17.03
-248.77,17.03
-248.83,17.03
-248.89,17.03
-248.95,17.04
-249.01,17.03
-249.07,17.03
-249.13,17.03
-249.19,17.03
-249.25,17.04
-249.31,17.02
-249.37,17.03
-249.43,17.03
-249.49,17.03
-249.55,17.03
-249.61,17.03
-249.67,17.02
-249.73,17.04
-249.79,17.04
-249.85,17.03
-249.91,17.03
-249.97,17.03
-250.03,17.03
-250.09,17.03
-250.15,17.04
-250.21,17.03
-250.27,17.03
-250.33,17.03
-250.39,17.02
-250.45,17.04
-250.51,17.03
-250.57,17.04
-250.63,17.03
-250.69,17.03
-250.75,17.04
-250.81,17.03
-250.87,17.03
-250.93,17.03
-250.99,17.03
-251.05,17.03
-251.11,17.03
-251.17,17.04
-251.23,17.03
-251.29,17.03
-251.35,17.03
-251.41,17.03
-251.47,17.03
-251.53,17.03
-251.59,17.04
-251.65,17.03
-251.71,17.03
-251.77,17.03
-251.83,17.03
-251.89,17.03
-251.95,17.03
-252.01,17.03
-252.07,17.03
-252.13,17.03
-252.19,17.03
-252.25,17.03
-252.31,17.03
-252.37,17.03
-252.43,17.04
-252.49,17.03
-252.55,17.03
-252.61,17.03
-252.67,17.03
-252.73,17.04
-252.79,17.03
-252.85,17.03
-252.91,17.04
-252.97,17.03
-253.03,17.03
-253.09,17.03
-253.15,17.03
-253.21,17.03
-253.27,17.03
-253.33,17.02
-253.39,17.04
-253.45,17.03
-253.51,17.03
-253.57,17.03
-253.63,17.04
-253.69,17.03
-253.75,17.04
-253.81,17.02
-253.87,17.03
-253.93,17.04
-253.99,17.04
-254.05,17.04
-254.11,17.03
-254.17,17.03
-254.23,17.04
-254.29,17.03
-254.35,17.02
-254.41,17.03
-254.47,17.04
-254.53,17.03
-254.59,17.03
-254.65,17.03
-254.71,17.03
-254.77,17.03
-254.83,17.03
-254.89,17.03
-254.95,17.03
-255.01,17.03
-255.07,17.03
-255.13,17.04
-255.19,17.03
-255.25,17.04
-255.31,17.05
-255.37,17.04
-255.43,17.03
-255.49,17.03
-255.55,17.04
-255.61,17.03
-255.67,17.03
-255.73,17.03
-255.79,17.04
-255.85,17.04
-255.91,17.05
-255.97,17.03
-256.03,17.03
-256.09,17.04
-256.15,17.03
-256.21,17.03
-256.27,17.03
-256.33,17.03
-256.39,17.03
-256.45,17.03
-256.51,17.04
-256.57,17.04
-256.63,17.04
-256.69,17.03
-256.75,17.04
-256.81,17.04
-256.87,17.03
-256.93,17.03
-256.99,17.03
-257.05,17.03
-257.11,17.04
-257.17,17.03
-257.23,17.03
-257.29,17.03
-257.35,17.02
-257.41,17.04
-257.47,17.03
-257.53,17.03
-257.59,17.03
-257.65,17.03
-257.71,17.03
-257.77,17.03
-257.83,17.03
-257.89,17.03
-257.95,17.03
-258.01,17.03
-258.07,17.04
-258.13,17.03
-258.19,17.03
-258.25,17.02
-258.31,17.03
-258.37,17.03
-258.43,17.03
-258.49,17.03
-258.55,17.04
-258.61,17.03
-258.67,17.03
-258.73,17.03
-258.79,17.03
-258.85,17.04
-258.91,17.03
-258.97,17.04
-259.03,17.03
-259.09,17.03
-259.15,17.04
-259.21,17.04
-259.27,17.04
-259.33,17.03
-259.39,17.04
-259.45,17.04
-259.51,17.03
-259.57,17.02
-259.63,17.04
-259.69,17.03
-259.75,17.04
-259.81,17.02
-259.87,17.02
-259.93,17.03
-259.99,17.03
-260.05,17.03
-260.11,17.03
-260.17,17.03
-260.23,17.04
-260.29,17.03
-260.35,17.04
-260.41,17.02
-260.47,17.02
-260.53,17.05
-260.59,17.04
-260.65,17.04
-260.71,17.04
-260.77,17.04
-260.83,17.04
-260.89,17.04
-260.95,17.03
-261.01,17.04
-261.07,17.04
-261.13,17.03
-261.19,17.03
-261.25,17.03
-261.31,17.03
-261.37,17.04
-261.43,17.03
-261.49,17.02
-261.55,17.03
-261.61,17.04
-261.67,17.02
-261.73,17.03
-261.79,17.03
-261.85,17.03
-261.91,17.03
-261.97,17.04
-262.03,17.04
-262.09,17.04
-262.15,17.04
-262.21,17.03
-262.27,17.03
-262.33,17.04
-262.39,17.03
-262.45,17.03
-262.51,17.03
-262.57,17.04
-262.63,17.03
-262.69,17.03
-262.75,17.03
-262.81,17.03
-262.87,17.04
-262.93,17.03
-262.99,17.04
-263.05,17.03
-263.11,17.04
-263.17,17.03
-263.23,17.03
-263.29,17.04
-263.35,17.04
-263.41,17.03
-263.47,17.04
-263.53,17.04
-263.59,17.04
-263.65,17.05
-263.71,17.03
-263.77,17.03
-263.83,17.03
-263.89,17.04
-263.95,17.03
-264.01,17.02
-264.07,17.03
-264.13,17.03
-264.19,17.04
-264.25,17.05
-264.31,17.04
-264.37,17.03
-264.43,17.03
-264.49,17.04
-264.55,17.05
-264.61,17.04
-264.67,17.03
-264.73,17.03
-264.79,17.05
-264.85,17.04
-264.91,17.03
-264.97,17.03
-265.03,17.03
-265.09,17.03
-265.15,17.03
-265.21,17.03
-265.27,17.04
-265.33,17.04
-265.39,17.03
-265.45,17.03
-265.51,17.04
-265.57,17.04
-265.63,17.03
-265.69,17.03
-265.75,17.04
-265.81,17.03
-265.87,17.04
-265.93,17.03
-265.99,17.04
-266.05,17.03
-266.11,17.03
-266.17,17.04
-266.23,17.04
-266.29,17.03
-266.35,17.03
-266.41,17.03
-266.47,17.04
-266.53,17.04
-266.59,17.03
-266.65,17.04
-266.71,17.03
-266.77,17.03
-266.83,17.03
-266.89,17.04
-266.95,17.04
-267.01,17.04
-267.07,17.04
-267.13,17.03
-267.19,17.04
-267.25,17.03
-267.31,17.04
-267.37,17.04
-267.43,17.04
-267.49,17.04
-267.55,17.03
-267.61,17.03
-267.67,17.04
-267.73,17.02
-267.79,17.02
-267.85,17.04
-267.91,17.04
-267.97,17.04
-268.03,17.04
-268.09,17.04
-268.15,17.04
-268.21,17.04
-268.27,17.04
-268.33,17.03
-268.39,17.04
-268.45,17.03
-268.51,17.04
-268.57,17.03
-268.63,17.03
-268.69,17.03
-268.75,17.04
-268.81,17.04
-268.87,17.04
-268.93,17.03
-268.99,17.04
-269.05,17.03
-269.11,17.04
-269.17,17.04
-269.23,17.03
-269.29,17.04
-269.35,17.04
-269.41,17.03
-269.47,17.03
-269.53,17.03
-269.59,17.04
-269.65,17.03
-269.71,17.04
-269.77,17.04
-269.83,17.04
-269.89,17.04
-269.95,17.04
-270.01,17.03
-270.07,17.04
-270.13,17.04
-270.19,17.05
-270.25,17.03
-270.31,17.04
-270.37,17.03
-270.43,17.04
-270.49,17.04
-270.55,17.03
-270.61,17.03
-270.67,17.04
-270.73,17.04
-270.79,17.04
-270.85,17.05
-270.91,17.05
-270.97,17.05
-271.03,17.04
-271.09,17.04
-271.15,17.05
-271.21,17.04
-271.27,17.04
-271.33,17.04
-271.39,17.03
-271.45,17.03
-271.51,17.04
-271.57,17.04
-271.63,17.04
-271.69,17.03
-271.75,17.03
-271.81,17.04
-271.87,17.03
-271.93,17.03
-271.99,17.03
-272.05,17.03
-272.11,17.04
-272.17,17.04
-272.23,17.04
-272.29,17.03
-272.35,17.04
-272.41,17.05
-272.47,17.04
-272.53,17.04
-272.59,17.03
-272.65,17.04
-272.71,17.04
-272.77,17.04
-272.83,17.04
-272.89,17.04
-272.95,17.04
-273.01,17.04
-273.07,17.04
-273.13,17.04
-273.19,17.04
-273.25,17.03
-273.31,17.03
-273.37,17.04
-273.43,17.04
-273.49,17.03
-273.55,17.04
-273.61,17.03
-273.67,17.03
-273.73,17.03
-273.79,17.03
-273.85,17.04
-273.91,17.05
-273.97,17.05
-274.03,17.04
-274.09,17.03
-274.15,17.05
-274.21,17.03
-274.27,17.05
-274.33,17.04
-274.39,17.04
-274.45,17.04
-274.51,17.04
-274.57,17.03
-274.63,17.03
-274.69,17.03
-274.75,17.04
-274.81,17.04
-274.87,17.04
-274.93,17.03
-274.99,17.04
-275.05,17.04
-275.11,17.04
-275.17,17.04
-275.23,17.04
-275.29,17.04
-275.35,17.04
-275.41,17.04
-275.47,17.04
-275.53,17.04
-275.59,17.03
-275.65,17.03
-275.71,17.04
-275.77,17.04
-275.83,17.04
-275.89,17.04
-275.95,17.04
-276.01,17.03
-276.07,17.03
-276.13,17.05
-276.19,17.04
-276.25,17.04
-276.31,17.05
-276.37,17.05
-276.43,17.05
-276.49,17.05
-276.55,17.04
-276.61,17.04
-276.67,17.04
-276.73,17.04
-276.79,17.05
-276.85,17.05
-276.91,17.05
-276.97,17.04
-277.03,17.04
-277.09,17.04
-277.15,17.04
-277.21,17.04
-277.27,17.04
-277.33,17.04
-277.39,17.04
-277.45,17.04
-277.51,17.05
-277.57,17.04
-277.63,17.05
-277.69,17.04
-277.75,17.04
-277.81,17.04
-277.87,17.04
-277.93,17.05
-277.99,17.05
-278.05,17.05
-278.11,17.05
-278.17,17.06
-278.23,17.05
-278.29,17.04
-278.35,17.04
-278.41,17.04
-278.47,17.05
-278.53,17.04
-278.59,17.05
-278.65,17.04
-278.71,17.04
-278.77,17.04
-278.83,17.04
-278.89,17.04
-278.95,17.04
-279.01,17.04
-279.07,17.04
-279.13,17.04
-279.19,17.04
-279.25,17.04
-279.31,17.04
-279.37,17.05
-279.43,17.05
-279.49,17.05
-279.55,17.04
-279.61,17.04
-279.67,17.05
-279.73,17.04
-279.79,17.04
-279.85,17.04
-279.91,17.04
-279.97,17.04
-280.03,17.04
-280.09,17.04
-280.15,17.05
-280.21,17.04
-280.27,17.04
-280.33,17.04
-280.39,17.05
-280.45,17.04
-280.51,17.05
-280.57,17.04
-280.63,17.04
-280.69,17.04
-280.75,17.04
-280.81,17.05
-280.87,17.05
-280.93,17.03
-280.99,17.04
-281.05,17.04
-281.11,17.05
-281.17,17.04
-281.23,17.04
-281.29,17.04
-281.35,17.04
-281.41,17.05
-281.47,17.04
-281.53,17.05
-281.59,17.05
-281.65,17.04
-281.71,17.05
-281.77,17.05
-281.83,17.06
-281.89,17.05
-281.95,17.04
-282.01,17.04
-282.07,17.04
-282.13,17.05
-282.19,17.05
-282.25,17.05
-282.31,17.04
-282.37,17.03
-282.43,17.04
-282.49,17.05
-282.55,17.05
-282.61,17.05
-282.67,17.05
-282.73,17.04
-282.79,17.04
-282.85,17.04
-282.91,17.04
-282.97,17.04
-283.03,17.04
-283.09,17.04
-283.15,17.04
-283.21,17.04
-283.27,17.04
-283.33,17.04
-283.39,17.05
-283.45,17.05
-283.51,17.06
-283.57,17.05
-283.63,17.04
-283.69,17.05
-283.75,17.04
-283.81,17.05
-283.87,17.05
-283.93,17.05
-283.99,17.05
-284.05,17.05
-284.11,17.04
-284.17,17.05
-284.23,17.05
-284.29,17.04
-284.35,17.05
-284.41,17.04
-284.47,17.04
-284.53,17.04
-284.59,17.04
-284.65,17.04
-284.71,17.05
-284.77,17.04
-284.83,17.05
-284.89,17.05
-284.95,17.06
-285.01,17.05
-285.07,17.05
-285.13,17.04
-285.19,17.05
-285.25,17.05
-285.31,17.05
-285.37,17.06
-285.43,17.04
-285.49,17.04
-285.55,17.05
-285.61,17.05
-285.67,17.05
-285.73,17.04
-285.79,17.05
-285.85,17.04
-285.91,17.04
-285.97,17.04
-286.03,17.04
-286.09,17.05
-286.15,17.04
-286.21,17.04
-286.27,17.04
-286.33,17.05
-286.39,17.04
-286.45,17.05
-286.51,17.05
-286.57,17.05
-286.63,17.05
-286.69,17.04
-286.75,17.04
-286.81,17.04
-286.87,17.04
-286.93,17.04
-286.99,17.05
-287.05,17.05
-287.11,17.04
-287.17,17.05
-287.23,17.05
-287.29,17.05
-287.35,17.05
-287.41,17.05
-287.47,17.05
-287.53,17.04
-287.59,17.04
-287.65,17.04
-287.71,17.04
-287.77,17.04
-287.83,17.05
-287.89,17.06
-287.95,17.05
-288.01,17.04
-288.07,17.05
-288.13,17.05
-288.19,17.05
-288.25,17.05
-288.31,17.04
-288.37,17.04
-288.43,17.05
-288.49,17.04
-288.55,17.05
-288.61,17.05
-288.67,17.05
-288.73,17.05
-288.79,17.05
-288.85,17.05
-288.91,17.05
-288.97,17.04
-289.03,17.04
-289.09,17.05
-289.15,17.05
-289.21,17.04
-289.27,17.05
-289.33,17.05
-289.39,17.04
-289.45,17.06
-289.51,17.05
-289.57,17.05
-289.63,17.05
-289.69,17.05
-289.75,17.05
-289.81,17.05
-289.87,17.06
-289.93,17.05
-289.99,17.04
-290.05,17.04
-290.11,17.05
-290.17,17.04
-290.23,17.05
-290.29,17.05
-290.35,17.05
-290.41,17.03
-290.47,17.04
-290.53,17.05
-290.59,17.04
-290.65,17.05
-290.71,17.05
-290.77,17.05
-290.83,17.06
-290.89,17.05
-290.95,17.05
-291.01,17.06
-291.07,17.05
-291.13,17.06
-291.19,17.05
-291.25,17.06
-291.31,17.05
-291.37,17.04
-291.43,17.04
-291.49,17.05
-291.55,17.05
-291.61,17.05
-291.67,17.05
-291.73,17.04
-291.79,17.04
-291.85,17.05
-291.91,17.05
-291.97,17.05
-292.03,17.05
-292.09,17.05
-292.15,17.05
-292.21,17.05
-292.27,17.05
-292.33,17.04
-292.39,17.05
-292.45,17.04
-292.51,17.05
-292.57,17.04
-292.63,17.05
-292.69,17.04
-292.75,17.04
-292.81,17.05
-292.87,17.05
-292.93,17.05
-292.99,17.05
-293.05,17.05
-293.11,17.05
-293.17,17.05
-293.23,17.05
-293.29,17.05
-293.35,17.05
-293.41,17.05
-293.47,17.07
-293.53,17.11
-293.59,17.17
-293.65,17.24
-293.71,17.31
-293.77,17.37
-293.83,17.43
-293.89,17.48
-293.95,17.54
-294.01,17.59
-294.07,17.63
-294.13,17.69
-294.19,17.75
-294.25,17.80
-294.31,17.88
-294.37,17.92
-294.43,17.96
-294.49,18.00
-294.55,18.07
-294.61,18.12
-294.67,18.19
-294.73,18.24
-294.79,18.27
-294.85,18.33
-294.91,18.38
-294.97,18.42
-295.03,18.47
-295.09,18.51
-295.15,18.53
-295.21,18.56
-295.27,18.58
-295.33,18.59
-295.39,18.62
-295.45,18.64
-295.51,18.63
-295.57,18.63
-295.63,18.62
-295.69,18.62
-295.75,18.59
-295.81,18.60
-295.87,18.59
-295.93,18.59
-295.99,18.59
-296.05,18.59
-296.11,18.58
-296.17,18.58
-296.23,18.60
-296.29,18.60
-296.35,18.61
-296.41,18.61
-296.47,18.61
-296.53,18.61
-296.59,18.62
-296.65,18.62
-296.71,18.62
-296.77,18.62
-296.83,18.63
-296.89,18.63
-296.95,18.62
-297.01,18.64
-297.07,18.63
-297.13,18.63
-297.19,18.64
-297.25,18.64
-297.31,18.63
-297.37,18.63
-297.43,18.64
-297.49,18.62
-297.55,18.64
-297.61,18.62
-297.67,18.64
-297.73,18.63
-297.79,18.64
-297.85,18.65
-297.91,18.64
-297.97,18.65
-298.03,18.64
-298.09,18.65
-298.15,18.66
-298.21,18.67
-298.27,18.67
-298.33,18.69
-298.39,18.69
-298.45,18.69
-298.51,18.71
-298.57,18.70
-298.63,18.70
-298.69,18.70
-298.75,18.70
-298.81,18.70
-298.87,18.71
-298.93,18.71
-298.99,18.71
-299.05,18.72
-299.11,18.73
-299.17,18.72
-299.23,18.73
-299.29,18.74
-299.35,18.75
-299.41,18.76
-299.47,18.77
-299.53,18.77
-299.59,18.78
-299.65,18.78
-299.71,18.79
-299.77,18.80
-299.83,18.81
-299.89,18.82
-299.95,18.82
-300.01,18.82
-300.07,18.83
-300.13,18.84
-300.19,18.84
-300.25,18.84
-300.31,18.85
-300.37,18.85
-300.43,18.86
-300.49,18.86
-300.55,18.88
-300.61,18.88
-300.67,18.90
-300.73,18.88
-300.79,18.90
-300.85,18.90
-300.91,18.91
-300.97,18.91
-301.03,18.91
-301.09,18.93
-301.15,18.93
-301.21,18.93
-301.27,18.95
-301.33,18.95
-301.39,18.95
-301.45,18.96
-301.51,18.94
-301.57,18.95
-301.63,18.94
-301.69,18.96
-301.75,18.94
-301.81,18.94
-301.87,18.93
-301.93,18.93
-301.99,18.93
-302.05,18.93
-302.11,18.93
-302.17,18.93
-302.23,18.93
-302.29,18.93
-302.35,18.93
-302.41,18.93
-302.47,18.94
-302.53,18.94
-302.59,18.94
-302.65,18.95
-302.71,18.94
-302.77,18.94
-302.83,18.96
-302.89,18.95
-302.95,18.95
-303.01,18.96
-303.07,18.96
-303.13,18.96
-303.19,18.97
-303.25,18.96
-303.31,18.97
-303.37,18.98
-303.43,18.98
-303.49,18.98
-303.55,18.97
-303.61,18.98
-303.67,18.99
-303.73,18.99
-303.79,18.99
-303.85,19.00
-303.91,19.00
-303.97,19.01
-304.03,19.01
-304.09,19.00
-304.15,19.01
-304.21,19.02
-304.27,19.01
-304.33,19.01
-304.39,19.01
-304.45,19.02
-304.51,19.01
-304.57,19.01
-304.63,19.01
-304.69,19.03
-304.75,19.01
-304.81,19.01
-304.87,19.02
-304.93,19.03
-304.99,19.02
-305.05,19.03
-305.11,19.01
-305.17,19.02
-305.23,19.02
-305.29,19.03
-305.35,19.03
-305.41,19.03
-305.47,19.03
-305.53,19.03
-305.59,19.03
-305.65,19.03
-305.71,19.02
-305.77,19.04
-305.83,19.03
-305.89,19.04
-305.95,19.04
-306.01,19.03
-306.07,19.04
-306.13,19.04
-306.19,19.04
-306.25,19.04
-306.31,19.04
-306.37,19.05
-306.43,19.06
-306.49,19.05
-306.55,19.06
-306.61,19.07
-306.67,19.07
-306.73,19.06
-306.79,19.06
-306.85,19.07
-306.91,19.07
-306.97,19.08
-307.03,19.08
-307.09,19.09
-307.15,19.08
-307.21,19.08
-307.27,19.09
-307.33,19.09
-307.39,19.09
-307.45,19.10
-307.51,19.10
-307.57,19.10
-307.63,19.11
-307.69,19.11
-307.75,19.12
-307.81,19.11
-307.87,19.12
-307.93,19.13
-307.99,19.13
-308.05,19.13
-308.11,19.13
-308.17,19.14
-308.23,19.14
-308.29,19.14
-308.35,19.15
-308.41,19.15
-308.47,19.15
-308.53,19.15
-308.59,19.16
-308.65,19.16
-308.71,19.17
-308.77,19.16
-308.83,19.16
-308.89,19.17
-308.95,19.17
-309.01,19.17
-309.07,19.18
-309.13,19.18
-309.19,19.17
-309.25,19.18
-309.31,19.18
-309.37,19.18
-309.43,19.19
-309.49,19.19
-309.55,19.19
-309.61,19.19
-309.67,19.20
-309.73,19.19
-309.79,19.19
-309.85,19.19
-309.91,19.19
-309.97,19.21
-310.03,19.21
-310.09,19.20
-310.15,19.21
-310.21,19.21
-310.27,19.21
-310.33,19.22
-310.39,19.22
-310.45,19.22
-310.51,19.23
-310.57,19.24
-310.63,19.24
-310.69,19.24
-310.75,19.24
-310.81,19.25
-310.87,19.26
-310.93,19.27
-310.99,19.27
-311.05,19.28
-311.11,19.27
-311.17,19.29
-311.23,19.30
-311.29,19.29
-311.35,19.30
-311.41,19.30
-311.47,19.32
-311.53,19.32
-311.59,19.32
-311.65,19.33
-311.71,19.33
-311.77,19.33
-311.83,19.34
-311.89,19.33
-311.95,19.33
-312.01,19.34
-312.07,19.34
-312.13,19.35
-312.19,19.35
-312.25,19.36
-312.31,19.35
-312.37,19.36
-312.43,19.36
-312.49,19.37
-312.55,19.38
-312.61,19.38
-312.67,19.39
-312.73,19.38
-312.79,19.38
-312.85,19.40
-312.91,19.39
-312.97,19.40
-313.03,19.40
-313.09,19.40
-313.15,19.41
-313.21,19.41
-313.27,19.42
-313.33,19.41
-313.39,19.41
-313.45,19.42
-313.51,19.41
-313.57,19.41
-313.63,19.42
-313.69,19.43
-313.75,19.42
-313.81,19.43
-313.87,19.43
-313.93,19.43
-313.99,19.42
-314.05,19.44
-314.11,19.43
-314.17,19.43
-314.23,19.44
-314.29,19.44
-314.35,19.44
-314.41,19.44
-314.47,19.44
-314.53,19.45
-314.59,19.45
-314.65,19.46
-314.71,19.46
-314.77,19.46
-314.83,19.46
-314.89,19.46
-314.95,19.46
-315.01,19.46
-315.07,19.47
-315.13,19.47
-315.19,19.47
-315.25,19.48
-315.31,19.48
-315.37,19.47
-315.43,19.48
-315.49,19.48
-315.55,19.48
-315.61,19.48
-315.67,19.48
-315.73,19.48
-315.79,19.48
-315.85,19.49
-315.91,19.48
-315.97,19.48
-316.03,19.49
-316.09,19.49
-316.15,19.48
-316.21,19.49
-316.27,19.49
-316.33,19.49
-316.39,19.50
-316.45,19.49
-316.51,19.49
-316.57,19.50
-316.63,19.50
-316.69,19.50
-316.75,19.49
-316.81,19.51
-316.87,19.51
-316.93,19.50
-316.99,19.50
-317.05,19.51
-317.11,19.51
-317.17,19.52
-317.23,19.51
-317.29,19.52
-317.35,19.52
-317.41,19.52
-317.47,19.53
-317.53,19.52
-317.59,19.53
-317.65,19.53
-317.71,19.53
-317.77,19.52
-317.83,19.53
-317.89,19.54
-317.95,19.54
-318.01,19.55
-318.07,19.54
-318.13,19.54
-318.19,19.56
-318.25,19.56
-318.31,19.55
-318.37,19.55
-318.43,19.57
-318.49,19.57
-318.55,19.58
-318.61,19.57
-318.67,19.59
-318.73,19.58
-318.79,19.59
-318.85,19.59
-318.91,19.60
-318.97,19.59
-319.03,19.60
-319.09,19.61
-319.15,19.60
-319.21,19.61
-319.27,19.62
-319.33,19.63
-319.39,19.62
-319.45,19.63
-319.51,19.62
-319.57,19.64
-319.63,19.64
-319.69,19.64
-319.75,19.64
-319.81,19.64
