D,T
-11.805,16.6226
-12.305,16.628
-12.805,16.636
-13.305,16.5628
-13.805,16.3604
-14.305,16.3398
-14.805,16.3562
-15.305,16.3562
-15.805,16.347
-16.305,16.33
-16.805,16.319
-17.305,16.3152
-17.805,16.315
-18.305,16.2984
-18.805,16.3368
-19.305,16.3278
-19.805,16.3124
-20.305,16.2882
-20.805,16.284
-21.305,16.2936
-21.805,16.2896
-22.305,16.294
-22.805,16.29
-23.305,16.2928
-23.805,16.291
-24.305,16.3038
-24.805,16.3036
-25.305,16.298
-25.805,16.2812
-26.305,16.282
-26.805,16.2706
-27.305,16.2676
-27.805,16.2646
-28.305,16.2784
-28.805,16.2828
-29.305,16.2832
-29.805,16.2754
-30.305,16.2838
-30.805,16.2904
-31.305,16.2924
-31.805,16.2934
-32.305,16.2938
-32.805,16.2876
-33.305,16.2884
-33.805,16.2788
-34.305,16.2832
-34.805,16.286
-35.305,16.2706
-35.805,16.2606
-36.305,16.2648
-36.805,16.2628
-37.305,16.2748
-37.805,16.2762
-38.305,16.2678
-38.805,16.2696
-39.305,16.2756
-39.805,16.2686
-40.305,16.2684
-40.805,16.2678
-41.305,16.2698
-41.805,16.2746
-42.305,16.2702
-42.805,16.2736
-43.305,16.2708
-43.805,16.2724
-44.305,16.2648
-44.805,16.2628
-45.305,16.2626
-45.805,16.2654
-46.305,16.2652
-46.805,16.2676
-47.305,16.2658
-47.805,16.2612
-48.305,16.2652
-48.805,16.2532
-49.305,16.2566
-49.805,16.252
-50.305,16.2502
-50.805,16.256
-51.305,16.2524
-51.805,16.2528
-52.305,16.2502
-52.805,16.257
-53.305,16.254
-53.805,16.251
-54.305,16.255
-54.805,16.26
-55.305,16.2608
-55.805,16.2614
-56.305,16.2554
-56.805,16.2474
-57.305,16.2544
-57.805,16.2488
-58.305,16.2496
-58.805,16.2544
-59.305,16.2488
-59.805,16.2484
-60.305,16.2452
-60.805,16.2508
-61.305,16.253
-61.805,16.2528
-62.305,16.2504
-62.805,16.259
-63.305,16.253
-63.805,16.2546
-64.305,16.259
-64.805,16.2584
-65.305,16.2536
-65.805,16.2518
-66.305,16.247
-66.805,16.2546
-67.305,16.2482
-67.805,16.25
-68.305,16.2536
-68.805,16.2516
-69.305,16.2516
-69.805,16.2508
-70.305,16.25
-70.805,16.2586
-71.305,16.2522
-71.805,16.2474
-72.305,16.2456
-72.805,16.2482
-73.305,16.2492
-73.805,16.2384
-74.305,16.2456
-74.805,16.2288
-75.305,16.2308
-75.805,16.227
-76.305,16.2288
-76.805,16.227
-77.305,16.2282
-77.805,16.2272
-78.305,16.2192
-78.805,16.22
-79.305,16.2184
-79.805,16.2192
-80.305,16.2194
-80.805,16.2126
-81.305,16.2206
-81.805,16.2184
-82.305,16.2234
-82.805,16.2314
-83.305,16.235
-83.805,16.2274
-84.305,16.2342
-84.805,16.235
-85.305,16.2386
-85.805,16.2356
-86.305,16.24
-86.805,16.2362
-87.305,16.2364
-87.805,16.2372
-88.305,16.2454
-88.805,16.25
-89.305,16.2442
-89.805,16.2352
-90.305,16.2344
-90.805,16.2406
-91.305,16.2356
-91.805,16.2198
-92.305,16.2234
-92.805,16.2158
-93.305,16.2002
-93.805,16.207
-94.305,16.2136
-94.805,16.2114
-95.305,16.224
-95.805,16.223
-96.305,16.2166
-96.805,16.2136
-97.305,16.22
-97.805,16.2222
-98.305,16.2298
-98.805,16.2236
-99.305,16.2214
-99.805,16.2218
-100.305,16.2238
-100.805,16.2248
-101.305,16.226
-101.805,16.226
-102.305,16.2304
-102.805,16.2204
-103.305,16.225
-103.805,16.2216
-104.305,16.1954
-104.805,16.2064
-105.305,16.2096
-105.805,16.2132
-106.305,16.2206
-106.805,16.2348
-107.305,16.2324
-107.805,16.2512
-108.305,16.2474
-108.805,16.2406
-109.305,16.2364
-109.805,16.2322
-110.305,16.2362
-110.805,16.2548
-111.305,16.2532
-111.805,16.2434
-112.305,16.2408
-112.805,16.2402
-113.305,16.2426
-113.805,16.2358
-114.305,16.2306
-114.805,16.2416
-115.305,16.241
-115.805,16.2428
-116.305,16.2474
-116.805,16.25
-117.305,16.2474
-117.805,16.247
-118.305,16.2458
-118.805,16.2422
-119.305,16.2424
-119.805,16.2412
-120.305,16.2426
-120.805,16.2442
-121.305,16.2436
-121.805,16.2522
-122.305,16.252
-122.805,16.2504
-123.305,16.2524
-123.805,16.2434
-124.305,16.2482
-124.805,16.2472
-125.305,16.2492
-125.805,16.2616
-126.305,16.2672
-126.805,16.2712
-127.305,16.2756
-127.805,16.2728
-128.305,16.2724
-128.805,16.27
-129.305,16.2614
-129.805,16.273
-130.305,16.2644
-130.805,16.2686
-131.305,16.2726
-131.805,16.2688
-132.305,16.2692
-132.805,16.2658
-133.305,16.2594
-133.805,16.2692
-134.305,16.2686
-134.805,16.2774
-135.305,16.2714
-135.805,16.2816
-136.305,16.2848
-136.805,16.2728
-137.305,16.2736
-137.805,16.2732
-138.305,16.272
-138.805,16.2656
-139.305,16.2684
-139.805,16.2812
-140.305,16.2702
-140.805,16.2778
-141.305,16.2702
-141.805,16.2714
-142.305,16.2698
-142.805,16.2788
-143.305,16.2798
-143.805,16.2784
-144.305,16.2882
-144.805,16.2772
-145.305,16.2782
-145.805,16.2832
-146.305,16.2732
-146.805,16.2792
-147.305,16.2876
-147.805,16.2926
-148.305,16.2808
-148.805,16.2804
-149.305,16.2846
-149.805,16.2802
-150.305,16.274
-150.805,16.2936
-151.305,16.2906
-151.805,16.2912
-152.305,16.2892
-152.805,16.2954
-153.305,16.294
-153.805,16.2906
-154.305,16.3028
-154.805,16.2964
-155.305,16.3006
-155.805,16.2986
-156.305,16.2956
-156.805,16.2928
-157.305,16.296
-157.805,16.2976
-158.305,16.305
-158.805,16.2952
-159.305,16.306
-159.805,16.2952
-160.305,16.3018
-160.805,16.2996
-161.305,16.299
-161.805,16.2982
-162.305,16.2976
-162.805,16.305
-163.305,16.301
-163.805,16.2966
-164.305,16.305
-164.805,16.3004
-165.305,16.3054
-165.805,16.3126
-166.305,16.3148
-166.805,16.3338
-167.305,16.349
-167.805,16.3836
-168.305,16.388
-168.805,16.3914
-169.305,16.392
-169.805,16.3916
-170.305,16.3886
-170.805,16.3956
-171.305,16.3908
-171.805,16.3868
-172.305,16.381
-172.805,16.3888
-173.305,16.4318
-173.805,16.4402
-174.305,16.4448
-174.805,16.4594
-175.305,16.4862
-175.805,16.463
-176.305,16.4452
-176.805,16.4324
-177.305,16.396
-177.805,16.308
-178.305,16.3122
-178.805,16.2632
-179.305,16.6222
-179.805,16.956
-180.305,17.1304
-180.805,17.1526
-181.305,17.1558
-181.805,17.1646
-182.305,17.1712
-182.805,17.177
-183.305,17.1732
-183.805,17.177
-184.305,17.1756
-184.805,17.182
-185.305,17.1768
-185.805,17.1864
-186.305,17.184
-186.805,17.1762
-187.305,17.1818
-187.805,17.1844
-188.305,17.19
-188.805,17.1784
-189.305,17.1858
-189.805,17.1754
-190.305,17.18
-190.805,17.189
-191.305,17.1886
-191.805,17.1914
-192.305,17.183
-192.805,17.1838
-193.305,17.1878
-193.805,17.1832
-194.305,17.1894
-194.805,17.1882
-195.305,17.1882
-195.805,17.1898
-196.305,17.1894
-196.805,17.1906
-197.305,17.1902
-197.805,17.1936
-198.305,17.1862
-198.805,17.1992
-199.305,17.4502
-199.805,17.7916
-200.305,17.9616
-200.805,18.0406
-201.305,18.072
-201.805,18.0756
-202.305,18.0852
-202.805,18.0744
-203.305,18.0742
-203.805,18.0784
-204.305,18.0858
-204.805,18.0882
-205.305,18.0826
-205.805,18.0868
-206.305,18.0846
-206.805,18.0922
-207.305,18.0834
-207.805,18.0754
-208.305,18.0786
-208.805,18.0642
-209.305,18.056
-209.805,18.06
-210.305,18.0604
-210.805,18.0626
-211.305,18.0564
-211.805,18.0638
-212.305,18.0566
-212.805,18.062
-213.305,18.0548
-213.805,18.0646
-214.305,18.0624
-214.805,18.0678
-215.305,18.061
-215.805,18.0676
-216.305,18.0558
-216.805,18.0538
-217.305,18.0634
-217.805,18.0564
-218.305,18.062
-218.805,18.0556
-219.305,18.0678
-219.805,18.0616
-220.305,18.0618
-220.805,18.0572
-221.305,18.0632
-221.805,18.0522
-222.305,18.051
-222.805,18.0618
-223.305,18.058
-223.805,18.066
-224.305,18.0658
-224.805,18.0636
-225.305,18.0602
-225.805,18.0254
-226.305,18.0074
-226.805,17.999
-227.305,17.9992
-227.805,17.9992
-228.305,17.9932
-228.805,17.998
-229.305,17.9942
-229.805,17.9932
-230.305,17.998
-230.805,17.9992
-231.305,17.9982
-231.805,17.998
-232.305,17.995
-232.805,17.996
-233.305,17.9932
-233.805,17.9912
-234.305,17.9976
-234.805,17.9996
-235.305,17.9988
-235.805,17.9932
-236.305,17.9898
-236.805,17.9906
-237.305,17.99
-237.805,17.9944
-238.305,17.9958
-238.805,17.991
-239.305,17.9876
-239.805,17.9932
-240.305,17.9908
-240.805,17.9976
-241.305,18.0052
-241.805,17.9958
-242.305,17.9916
-242.805,17.9932
-243.305,17.9928
-243.805,17.997
-244.305,17.998
-244.805,17.9962
-245.305,17.9938
-245.805,17.999
-246.305,17.9948
-246.805,17.99
-247.305,17.993
-247.805,17.997
-248.305,17.9904
-248.805,17.9966
-249.305,17.9902
-249.805,17.99
-250.305,17.9988
-250.805,17.9888
-251.305,17.9962
-251.805,17.9982
-252.305,17.9936
-252.805,18.0006
-253.305,17.9954
-253.805,17.9962
-254.305,17.986
-254.805,17.9632
-255.305,17.931
-255.805,17.8882
-256.305,17.8258
-256.805,17.744
-257.305,17.6804
-257.805,17.6502
-258.305,17.6038
-258.805,17.5436
-259.305,17.4742
-259.805,17.4358
-260.305,17.4196
-260.805,17.4108
-261.305,17.418
-261.805,17.432
-262.305,17.465
-262.805,17.517
-263.305,17.5912
-263.805,17.6426
-264.305,17.6476
-264.805,17.6574
-265.305,17.7408
-265.805,17.9608
-266.305,18.5508
-266.805,18.7864
-267.305,18.824
-267.805,18.8392
-268.305,18.852
-268.805,18.8608
-269.305,18.8824
-269.805,18.8974
-270.305,18.9018
-270.805,18.9126
-271.305,18.9378
-271.805,18.9462
-272.305,18.949
-272.805,18.9596
-273.305,18.9588
-273.805,18.9624
-274.305,18.9616
-274.805,18.9618
-275.305,18.9608
-275.805,18.9634
-276.305,18.979
-276.805,18.9704
-277.305,18.9774
-277.805,18.9712
-278.305,18.9818
-278.805,18.9864
-279.305,18.9764
-279.805,18.9812
-280.305,18.9904
-280.805,18.976
-281.305,18.986
-281.805,18.9894
-282.305,18.9876
-282.805,18.9896
-283.305,18.9864
-283.805,18.9836
-284.305,18.9882
-284.805,18.987
-285.305,18.9912
-285.805,18.995
-286.305,18.9958
-286.805,18.9906
-287.305,18.9978
-287.805,18.992
-288.305,18.9966
-288.805,18.9916
-289.305,18.9916
-289.805,18.9996
-290.305,18.9948
-290.805,19.0026
-291.305,18.9992
-291.805,18.9996
-292.305,18.997
-292.805,19.0038
-293.305,19.0034
-293.805,19.001
-294.305,19.0046
-294.805,19.0062
-295.305,19.0016
-295.805,19.0048
-296.305,18.9996
-296.805,19.0056
-297.305,19.0014
-297.805,18.999
-298.305,19.002
-298.805,18.973
-299.305,18.9682
-299.805,18.9806
-300.305,18.9644
-300.805,18.977
-301.305,18.9788
-301.805,18.9838
-302.305,18.9804
-302.805,18.9856
-303.305,18.9908
-303.805,18.9792
-304.305,18.9778
-304.805,18.9742
-305.305,18.9742
-305.805,18.9808
-306.305,18.9774
-306.805,18.9766
-307.305,18.8612
-307.805,18.675
-308.305,18.6186
-308.805,18.5384
-309.305,18.456
-309.805,18.4124
-310.305,18.3756
-310.805,18.3314
-311.305,18.3118
-311.805,18.2748
-312.305,18.2718
-312.805,18.2962
-313.305,18.3556
-313.805,18.4256
-314.305,18.4822
-314.805,18.4832
-315.305,18.4696
-315.805,18.4368
-316.305,18.4082
-316.805,18.3928
-317.305,18.3668
-317.805,18.3922
-318.305,18.3936
-318.805,18.386
-319.305,18.3434
-319.805,18.3514
-320.305,18.3618
-320.805,18.3816
-321.305,18.3856
-321.805,18.392
-322.305,18.4064
-322.805,18.4066
-323.305,18.4114
-323.805,18.41
-324.305,18.434
-324.805,18.4326
-325.305,18.441
-325.805,18.4408
-326.305,18.445
-326.805,18.4474
-327.305,18.4484
-327.805,18.4692
-328.305,18.466
-328.805,18.4614
-329.305,18.461
-329.805,18.464
-330.305,18.4682
-330.805,18.4776
-331.305,18.4676
-331.805,18.4768
-332.305,18.4884
-332.805,18.474
-333.305,18.4856
-333.805,18.4752
-334.305,18.4826
-334.805,18.4874
-335.305,18.4804
-335.805,18.4854
-336.305,18.4802
-336.805,18.49
-337.305,18.4914
-337.805,18.4778
-338.305,18.4808
-338.805,18.4788
-339.305,18.4772
-339.805,18.4844
-340.305,18.4858
-340.805,18.4792
-341.305,18.4786
-341.805,18.4756
-342.305,18.4712
-342.635,18.48375
