Scotland_W Sunshine (Total hours)
Areal series, starting from 1929
Allowances have been made for topographic, coastal and urban effects where relationships are found to exist.
Seasons: Winter=Dec-Feb, Spring=Mar-May, Summer=June-Aug, Autumn=Sept-Nov. (Winter: Year refers to Jan/Feb).
Values are ranked and displayed to 1 dp. Where values are equal, rankings are based in order of year descending.
Data are provisional from January 2018 and Winter 2018.  Last updated 02/12/2019.

Year    JAN    FEB    MAR    APR    MAY    JUN    JUL    AUG    SEP    OCT    NOV    DEC     WIN    SPR    SUM    AUT     ANN
1929   41.9   47.6  156.6  149.3  203.0  207.3  151.9   99.8   99.8   85.7   37.5   34.9     ---  508.9  459.0  223.1  1315.3
1930   29.0   74.0   91.0  141.0  181.1  196.6  109.4  108.7   90.5   64.4   55.8   23.2   137.8  413.1  414.7  210.8  1164.7
1931   46.7   52.7  115.1  120.6  164.3  103.9   83.4  168.7   92.7   88.8   32.9   16.3   122.6  400.0  356.0  214.4  1086.0
1932   35.6   86.0   82.7  147.1  161.3  193.5  105.8  110.4   96.2   69.0   44.4   32.5   137.9  391.1  409.6  209.7  1164.4
1933   43.7   72.9  115.4   97.0  133.9  192.3  143.3  137.6  147.9   65.0   47.8   24.8   149.1  346.3  473.2  260.7  1221.6
1934   35.1   63.9   91.1  114.2  140.5  184.4  197.2  107.0  119.9   54.3   52.4   11.7   123.8  345.8  488.6  226.7  1171.7
1935   43.0   51.5   94.4  126.3  251.2  142.5  193.0  120.3  105.4   45.4   44.7   46.8   106.2  471.9  455.8  195.6  1264.6
1936   35.9   63.7   50.1  173.2  185.1  185.3  125.9  130.6   91.6   88.5   38.1   18.8   146.5  408.4  441.8  218.1  1186.7
1937   26.7   71.0  112.3   74.0  195.7  161.3  118.6  142.4  119.2   69.5   52.7   40.6   116.6  382.0  422.3  241.4  1184.1
1938   28.6   60.5   65.7  172.8  175.2  154.0  138.0  173.9   91.9   70.6   30.2   44.8   129.7  413.7  465.9  192.8  1206.4
1939   47.5   40.3  108.0  135.3  192.1  237.6  109.3  139.7  119.4  113.2   28.8   23.3   132.6  435.3  486.5  261.4  1294.3
1940   35.2   42.4   94.1  101.9  179.1  259.3  135.5  130.4  123.2   42.4   35.2   31.6   100.8  375.0  525.2  200.8  1210.1
1941   38.7   56.6   98.7  103.8  160.7  185.5  142.0  123.2   83.5   81.8   44.0   22.4   127.0  363.2  450.8  209.3  1141.0
1942   29.0   59.1   86.9  198.1  213.4  153.3  147.4   79.3  112.4   56.3   52.1   25.5   110.5  498.4  380.0  220.8  1212.9
1943   24.5   50.8  102.8  108.8  186.7  166.6  192.1   91.4   95.8   61.5   49.5   27.8   100.8  398.4  450.1  206.9  1158.3
1944   17.4   76.3  105.0   97.9  144.0  135.3   97.8  148.7   97.4   70.0   45.7   28.8   121.4  346.9  381.7  213.2  1064.3
1945   53.9   45.5   76.0  162.8  156.6  147.5  133.4  169.8   87.4   85.7   44.4   31.6   128.2  395.5  450.8  217.5  1194.7
1946   30.1   79.1   90.1  156.8  257.6  144.0  116.7  136.7   70.6   81.9   43.0   35.3   140.8  504.5  397.3  195.5  1241.9
1947   33.2   71.3   86.0  103.0  148.7  119.8  117.7  255.4   89.7   66.2   74.5   19.4   139.7  337.7  492.9  230.4  1184.8
1948   22.3   62.0  109.6  136.9  237.9  137.9  166.7   86.6   93.7   78.1   50.0   34.3   103.7  484.5  391.2  221.7  1216.1
1949   27.2   61.2  121.8  120.4  202.0  251.0  159.9  133.3  125.5   57.0   45.9   20.1   122.8  444.2  544.2  228.5  1325.4
1950   34.1   72.2   94.1  129.9  190.6  184.8  157.2  131.5   87.5   69.7   60.0   41.4   126.4  414.5  473.5  217.1  1252.8
1951   33.5   59.4   88.0  163.3  220.8  206.2  133.8  118.8  110.7   87.0   34.4   30.8   134.3  472.1  458.9  232.1  1286.8
1952   48.0   70.4  107.3  150.4  180.7  156.3  175.8  122.4  119.1   94.4   74.5   33.2   149.2  438.5  454.5  287.9  1332.5
1953   38.3   63.7  115.3  157.9  190.1  181.5  116.8  133.8   81.9   68.6   27.5   35.6   135.2  463.3  432.2  178.0  1210.9
1954   45.8   48.2  109.1  179.2  163.8  141.7  109.8  112.1  105.5   58.5   43.8   15.4   129.6  452.1  363.6  207.8  1133.0
1955   38.0   90.0  132.6  166.2  232.6  154.2  265.2  187.0  119.6   82.0   48.2   36.9   143.4  531.3  606.4  249.8  1552.5
1956   40.2   62.1  127.3  185.0  187.5  187.1  136.4  129.6   86.1   85.1   50.0   13.1   139.3  499.8  453.1  221.3  1289.7
1957   41.9   76.5   53.8  182.6  207.4  272.2  125.9  121.5  116.2   52.3   40.8   38.5   131.6  443.8  519.5  209.4  1329.7
1958   43.3   49.9  102.4  136.3  188.8  121.5  168.2  115.7  115.6   63.3   34.8   31.0   131.7  427.4  405.4  213.7  1170.9
1959   70.1   50.7   90.7  119.9  228.6  177.5  136.4  147.8  139.1   98.5   40.4   19.0   151.9  439.2  461.7  278.0  1318.8
1960   44.0   95.3   88.4  140.5  187.0  230.9  126.8  160.7  136.0   68.2   59.0   38.0   158.3  415.9  518.5  263.1  1374.8
1961   41.8   54.3   73.0  100.1  187.4  133.7  113.8  129.9   93.2   82.1   51.8   36.8   134.2  360.6  377.4  227.1  1098.0
1962   36.8   68.1  101.6  195.0  182.0  170.2  137.3  131.8   74.9   75.7   34.5   34.9   141.6  478.5  439.3  185.0  1242.6
1963   58.8  100.7   95.5  120.9  186.2  166.9  161.6   95.8  117.7   65.2   41.0   32.2   194.5  402.6  424.3  224.0  1242.6
1964   34.4   60.9   65.1  110.0  156.6  148.2  118.7  135.6  114.0   67.4   45.3   32.5   127.4  331.7  402.4  226.8  1088.6
1965   58.5   67.4  103.4  149.5  135.6  138.6  139.5  139.4   73.0   84.3   69.3   38.2   158.4  388.4  417.5  226.6  1196.6
1966   28.5   30.1  100.2  111.0  194.1  102.7  178.5  142.9   82.5   78.0   54.5   26.5    96.8  405.2  424.1  215.0  1129.4
1967   41.5   54.0   88.4  136.8  131.7  199.9  104.6  132.1   96.0   82.5   43.8   44.7   122.0  356.9  436.6  222.2  1155.9
1968   28.0   78.7   84.5  164.3  144.3  194.4  132.8  171.8   99.4   51.8   48.1   28.4   151.4  393.0  498.9  199.2  1226.3
1969   24.7   70.0   92.5  171.4  131.4  208.1  151.9  159.5   98.8   69.3   47.8   27.8   123.1  395.3  519.5  215.9  1253.1
1970   23.4   99.2  122.9  131.4  124.5  215.6  101.9  152.4   81.4   71.9   46.1   38.7   150.4  378.7  469.9  199.4  1209.4
1971   27.2   43.2   82.2  139.3  196.7  162.7  195.4  115.1  125.8   90.0   50.7   23.8   109.1  418.2  473.3  266.6  1252.1
1972   33.7   49.3   94.5  145.4  135.1  155.9  179.5  142.6  134.7   98.7   46.5   20.0   106.8  375.0  478.0  279.9  1236.0
1973   22.1   69.8  112.4  158.4  141.8  159.1  147.3  136.0  107.5   86.7   53.9   31.0   112.0  412.5  442.5  248.1  1226.0
1974   25.1   48.3   91.8  202.6  171.1  209.2  135.5  133.6  104.7   89.6   47.0   22.7   104.4  465.4  478.3  241.3  1281.2
1975   24.1   78.0  122.7  127.2  258.5  235.1  160.4  162.4   99.2   64.9   51.3   32.6   124.8  508.4  557.9  215.5  1416.4
1976   37.1   34.7   78.4  137.3  122.9  154.8  189.9  240.6   92.7   64.7   52.6   40.9   104.4  338.5  585.3  210.1  1246.6
1977   45.6   60.3   67.4  139.8  216.8  215.0  198.7  182.7   89.9   74.1   58.1   30.0   146.7  424.0  596.4  222.1  1378.4
1978   44.7   75.0   77.5  115.5  195.5  161.9  155.2   93.0   75.9   74.4   39.1   25.9   149.7  388.6  410.2  189.4  1133.7
1979   43.2   77.9   93.4  124.3  159.7  164.4   98.1  138.4  115.4   62.0   42.5   34.7   147.0  377.4  400.8  219.8  1153.8
1980   35.8   34.8   83.7  177.8  250.3  113.5  116.0  104.0   73.0   75.9   46.5   22.6   105.3  511.7  333.6  195.3  1133.9
1981   29.0   62.1   85.4  189.3  142.9  132.9  125.1  156.4   99.6   91.7   39.2   34.5   113.7  417.5  414.3  230.5  1187.9
1982   36.1   51.4  115.6  154.3  190.8  149.7  184.1  123.4   90.1   59.2   36.8   28.8   122.0  460.8  457.2  186.1  1220.3
1983   24.3   73.1   53.8  139.1  119.2  151.9  176.7  175.3   77.5   59.7   44.8   23.2   126.1  312.0  504.0  182.0  1118.6
1984   31.2   45.2   60.3  179.0  225.7  150.3  212.6  177.6   87.0   66.5   37.6   24.6    99.6  464.9  540.5  191.1  1297.6
1985   45.8   72.9  103.8  117.5  167.1  170.9  102.1   98.4   71.9   82.7   53.6   23.4   143.3  388.3  371.4  208.3  1110.1
1986   33.7   74.0  106.8  127.8  132.1  184.9  109.2  138.8  142.7   84.6   41.4   24.1   131.1  366.7  432.9  268.7  1200.1
1987   39.5   63.2  100.1  113.2  194.4  128.4  137.7  137.6  141.5   81.0   47.1   29.4   126.8  407.8  403.7  269.5  1213.0
1988   35.7   64.3   74.7  120.2  197.2  196.3  105.4  123.7  103.3   76.5   63.9   21.8   129.3  392.1  425.4  243.8  1183.0
1989   26.7   57.9   88.6  134.7  219.6  188.4  253.5  118.3   97.6   68.2   66.8   37.5   106.4  442.9  560.2  232.5  1357.8
1990   27.2   39.2   69.2  148.5  207.2  137.7  208.6  112.7  104.7   58.8   69.9   29.0   103.9  424.8  459.0  233.4  1212.6
1991   38.6   70.9   77.3  147.7  169.6  141.0  146.3  138.3  154.6   65.8   46.9   18.7   138.5  394.7  425.6  267.3  1215.8
1992   39.9   47.7   69.3   82.2  211.8  176.3  116.3  136.7   85.5   86.4   35.1   23.4   106.3  363.4  429.3  207.0  1110.6
1993   23.3   32.1   89.0  106.7  140.6  114.0  108.3  145.2  105.8   95.6   49.2   24.8    78.7  336.4  367.5  250.6  1034.6
1994   30.3   50.6   73.5  130.7  182.3  119.5  145.8  137.4  107.8   71.3   31.3   24.9   105.7  386.5  402.7  210.4  1105.4
1995   38.5   53.5   82.9  143.1  166.4  244.4  173.2  232.8  116.0   65.5   50.8   44.8   116.8  392.4  650.5  232.4  1411.9
1996   19.0   84.1   73.1   90.9  169.9  213.5  146.7  139.9  146.4   63.8   65.7   38.0   147.9  333.8  500.0  275.9  1250.9
1997   25.4   51.4   86.4  100.8  194.2  154.3  148.4  168.9  131.0   99.7   28.8   23.8   114.8  381.4  471.7  259.4  1213.1
1998   33.3   33.6   53.9  136.1  158.3  141.0  125.8  124.8  112.6   98.6   51.1   25.9    90.8  348.3  391.7  262.4  1095.2
1999   33.0   72.9  106.7  136.2  157.4  148.9  167.8  150.0  102.4   72.3   50.6   32.4   131.8  400.3  466.7  225.4  1230.7
2000   50.4   54.4   77.6  133.8  251.8  135.2  176.1  151.9   89.8   75.9   47.1   31.8   137.3  463.2  463.2  212.8  1275.9
2001   51.4   81.1  127.1  130.5  223.2  122.6  125.3  139.0  110.4   57.4   39.7   55.1   164.3  480.8  387.0  207.5  1262.8
2002   26.8   49.3  110.3  136.6  147.4  121.1  102.8  143.2  120.0   73.0   36.7   31.1   131.3  394.2  367.2  229.8  1098.4
2003   48.7   87.4  153.7  178.6  137.7  170.2  139.0  188.4  109.7  110.8   54.9   36.7   167.1  470.0  497.7  275.4  1415.9
2004   31.4   94.6  107.4  119.5  196.0  126.4  143.8  146.2  109.2   72.4   41.3   31.7   162.7  422.9  416.3  222.9  1219.9
2005   40.5   78.2   91.3  150.1  204.5  137.1  155.2  158.8  104.2   49.1   64.0   36.2   150.5  445.8  451.1  217.4  1269.2
2006   33.8   74.8   78.6  173.3  198.3  186.3  208.1  142.3  107.1   72.4   50.0   32.3   144.7  450.2  536.7  229.5  1357.2
2007   36.4   67.8  123.6  188.1  190.5  136.4  159.5  134.2  104.5   94.2   42.0   35.3   136.5  502.2  430.2  240.7  1312.6
2008   20.4   73.0  109.6  154.1  212.1  158.4  136.3   87.7   73.8   96.0   54.6   39.8   128.7  475.8  382.4  224.4  1215.9
2009   37.4   46.8  110.5  148.9  197.3  206.2  165.2  121.1  105.5   81.1   47.1   31.0   124.0  456.7  492.5  233.8  1298.2
2010   54.4   72.5   93.7  162.1  205.9  194.9  103.4  169.2  127.2   93.0   66.2   57.1   157.8  461.7  467.5  286.4  1399.6
2011   45.0   52.7   88.4  188.6  165.6  139.2  200.7  104.9   98.6   44.8   54.0   19.3   154.7  442.7  444.8  197.4  1201.8
2012   38.7   42.1  125.2  141.4  217.4  104.7  111.7  149.3  111.5   89.0   52.5   33.5   100.1  484.1  365.7  253.0  1217.1
2013   26.2   84.5   85.0  175.5  162.6  165.0  219.7  115.0   90.2   60.8   62.7   24.0   144.2  423.2  499.7  213.6  1271.3
2014   21.9   43.8   98.9  142.2  113.2  150.7  201.6  160.3  109.4   66.7   48.5   35.1    89.7  354.3  512.6  224.7  1192.4
2015   42.6   64.0   97.6  208.7  170.3  136.3  127.0  138.8  146.2   88.0   27.7   16.9   141.7  476.6  402.1  261.9  1264.0
2016   19.3   73.6  107.7  159.3  223.3  148.9  112.2  141.8   87.6   94.5   68.0   21.1   109.8  490.2  403.0  250.1  1257.3
2017   44.7   44.5  109.7  136.5  232.6  108.7  145.6  121.8   94.4   52.4   63.5   41.6   110.4  478.7  376.0  210.2  1195.8
2018   36.4   89.6   94.0  130.7  237.8  239.0  202.4  111.4   99.6   85.8   57.9   29.6   167.5  462.6  552.8  243.2  1414.3
2019   46.2   78.0   84.3  168.1  189.9  170.9  143.8  140.8  113.2   97.0   56.6          153.9  442.3  455.5  266.8